0
3
12
0
18
6
3
3
0
0
3
30
18
12
9
9
9
6
6
6
6
6
3
3
3
0
3
3
3
3
3
0
3
3
3
30
30
24
18
18
15
9
9
9
9
9
9
6
6
6
6
6
3
3
3
3
3
3
0
3
3
3
3
3
3
3
3
3
3
3
3
3
3
3
93
93
93
45
33
33
33
30
30
27
24
18
18
18
18
18
18
18
15
15
0
12
12
12
12
9
9
9
0
9
9
9
3
9
3
9
9
9
9
6
9
6
6
6
6
6
6
6
6
6
6
6
6
6
3
6
6
6
6
6
6
3
0
3
3
3
3
3
3
0
3
3
3
3
3
0
0
3
3
3
3
3
3
3
3
3
3
0
3
0
3
3
3
3
3
3
3
3
3
3
3
3
3
3
3
3
3
3
3
3
3
3
3
3
3
3
3
3
3
3
3
3
3
3
3
3
3
3
3
3
3
3
3
3
3
3
3
360
210
180
138
111
90
81
63
75
63
42
54
48
51
51
42
42
39
39
39
36
36
33
30
30
27
30
30
27
27
27
18
24
24
24
21
24
24
24
21
21
6
15
21
21
21
21
9
18
18
0
15
15
15
15
15
15
15
15
15
15
15
15
15
15
12
12
12
12
12
12
12
12
12
12
12
12
12
12
12
9
6
9
9
9
9
9
9
6
9
9
9
9
9
9
9
9
9
9
9
9
9
3
6
6
0
6
6
6
0
6
6
6
6
0
6
0
6
6
6
6
0
6
6
6
6
6
6
6
6
6
6
6
6
6
6
6
3
3
0
3
3
3
3
3
3
3
3
3
3
3
3
3
3
3
0
3
3
3
3
3
3
3
3
3
3
3
3
3
3
3
3
3
3
3
3
3
3
3
3
3
0
3
0
3
3
3
3
3
3
3
3
3
3
3
3
0
3
3
0
3
3
3
3
3
3
3
3
3
3
3
3
3
3
3
3
3
3
3
3
3
3
3
3
3
3
3
3
3
3
3
3
3
3
3
3
3
3
3
3
3
3
3
3
3
3
3
3
3
3
3
3
3
0
3
3
3
3
3
0
3
3
0
3
3
3
3
3
0
690
615
405
348
327
282
276
258
237
210
180
156
165
135
141
132
120
117
102
105
102
81
84
87
90
84
84
84
87
84
75
75
72
63
63
63
54
63
63
57
60
54
54
57
57
57
42
51
48
48
45
45
45
45
12
36
42
42
42
42
39
39
36
42
42
36
42
39
36
36
36
33
30
33
33
30
30
24
30
30
0
15
24
27
27
21
24
27
27
27
27
27
27
24
27
24
24
24
24
24
24
21
21
21
21
21
21
21
21
21
15
21
21
18
18
18
15
15
12
18
9
15
15
18
18
18
15
18
18
18
15
18
15
15
15
15
15
15
15
15
12
12
15
12
12
12
12
12
12
9
12
12
12
12
12
12
12
9
12
12
12
12
9
12
12
12
12
9
12
12
12
9
12
6
12
9
6
9
9
6
9
9
6
9
9
9
9
9
9
9
9
9
9
9
9
9
9
9
6
9
9
9
6
9
9
9
9
9
9
9
9
9
9
9
0
9
9
9
9
9
9
9
6
6
6
3
6
6
6
6
6
6
6
6
6
0
6
6
6
6
6
6
6
6
6
6
6
6
6
6
6
6
6
6
6
3
3
6
6
6
6
6
6
6
6
6
6
6
6
6
6
6
0
6
6
6
6
6
6
6
6
6
6
6
6
6
6
6
6
6
6
6
6
6
6
6
6
6
6
6
6
6
3
6
6
6
6
6
6
6
6
3
3
3
3
3
3
3
3
0
3
3
3
0
3
3
3
3
3
3
3
3
3
3
3
3
3
3
3
3
3
3
3
3
3
3
3
3
3
3
3
3
3
3
3
3
3
3
3
3
3
3
3
3
3
3
3
3
3
3
3
3
3
3
3
3
3
3
3
3
0
3
3
0
3
3
3
0
3
3
3
3
0
3
3
3
3
3
0
3
3
3
3
3
3
3
3
3
3
3
3
3
3
3
3
3
3
3
3
3
3
3
3
3
3
3
0
3
3
3
3
3
3
3
0
3
3
0
3
3
3
3
3
3
3
3
3
3
3
3
3
3
3
3
3
3
3
3
3
3
3
3
3
3
3
3
3
3
3
0
0
3
3
3
3
3
3
3
3
3
3
3
3
3
3
3
3
3
3
3
3
3
3
3
3
3
3
3
3
3
3
3
3
3
3
3
3
3
3
3
3
3
3
3
3
3
3
3
3
3
3
3
3
3
3
3
3
0
3
3
3
3
1059
627
621
552
366
423
396
324
270
234
237
225
198
201
195
132
144
144
138
141
120
120
117
114
117
114
114
105
96
96
99
87
99
99
93
90
87
87
87
81
72
84
78
69
75
60
75
75
69
72
72
69
69
69
69
66
66
63
51
51
60
60
57
30
54
57
54
54
54
51
48
54
54
51
54
51
51
51
45
48
48
45
45
18
45
42
42
45
45
39
42
42
42
42
42
39
39
36
36
30
30
36
36
33
27
36
36
33
33
33
33
33
33
30
33
27
30
24
30
24
30
24
30
27
27
27
27
27
27
27
27
27
27
27
27
27
27
27
24
24
12
24
24
24
24
24
24
0
24
24
24
24
24
18
24
24
24
24
12
21
15
18
21
21
21
12
21
21
0
21
15
21
21
21
21
21
21
21
18
18
18
18
18
18
18
18
18
18
3
18
15
18
18
18
18
18
18
18
18
12
18
18
18
18
18
18
18
18
18
18
15
15
15
12
15
0
9
15
15
9
15
15
15
15
15
15
15
15
15
15
15
12
15
15
12
12
12
3
12
12
0
12
12
12
12
12
12
12
12
12
12
12
12
12
12
12
12
12
12
12
12
12
12
12
12
9
12
9
12
12
12
12
12
12
12
12
12
12
12
12
12
12
12
0
12
12
6
9
9
9
9
9
9
9
9
9
6
9
9
9
9
9
9
9
9
9
9
9
0
9
9
9
9
9
9
9
3
9
9
9
9
9
9
9
9
9
0
9
9
9
9
9
9
9
9
9
9
9
9
9
9
9
9
9
9
9
9
9
9
9
9
6
6
0
9
9
9
9
9
6
6
6
6
3
6
6
6
6
6
3
6
6
6
6
6
6
6
6
6
6
6
0
6
6
6
6
6
6
6
6
6
6
6
6
6
6
6
6
6
6
6
6
6
6
6
6
3
6
6
6
6
6
6
6
6
6
6
6
6
6
6
6
6
6
6
6
6
6
6
6
6
6
6
6
6
6
6
6
6
6
6
6
6
6
6
6
6
6
6
6
6
6
6
6
6
6
6
6
6
6
6
6
6
6
6
6
6
6
6
6
6
6
6
6
6
6
6
6
6
6
6
6
3
6
6
6
6
6
6
6
6
6
6
6
6
0
6
3
3
3
3
3
3
3
3
3
3
3
3
3
0
3
3
3
3
0
3
3
3
3
3
3
3
3
3
3
3
3
3
3
0
3
3
3
3
0
3
3
3
3
3
3
3
3
3
3
3
3
3
3
3
3
3
3
3
3
3
3
0
3
3
3
3
3
3
3
3
3
3
3
3
3
3
3
3
3
3
3
3
3
3
3
3
3
3
3
3
3
3
3
3
3
3
3
3
3
3
3
3
3
3
3
3
3
3
3
3
3
3
3
0
3
3
0
3
3
3
3
3
3
3
3
3
0
3
3
3
3
3
0
3
3
3
3
3
3
0
0
3
3
3
3
3
3
3
3
0
3
3
3
3
3
3
3
3
3
3
3
3
3
0
3
3
3
3
3
3
3
3
3
3
3
3
3
3
3
3
3
3
3
3
3
3
3
3
3
3
3
3
3
3
3
3
3
3
3
3
3
3
3
3
3
3
3
3
3
3
3
3
3
0
0
3
3
3
3
3
3
3
3
3
3
3
3
3
3
3
3
3
3
3
3
3
3
3
3
3
3
3
3
3
0
3
3
3
3
3
3
3
3
3
3
3
3
3
3
3
3
3
3
3
3
3
0
3
3
3
0
3
3
3
3
3
3
3
0
3
3
3
3
3
3
3
3
3
3
3
3
3
3
3
3
3
3
3
3
3
3
3
3
3
3
3
3
0
3
3
3
3
3
3
3
3
3
3
0
3
3
3
0
3
3
3
0
3
3
3
3
3
3
3
3
0
3
3
3
3
3
3
3
1770
1335
819
756
684
558
555
537
510
468
429
429
408
261
372
354
318
297
273
252
279
270
219
189
216
228
231
225
195
207
216
198
195
111
165
192
186
162
165
9
159
147
135
153
150
141
144
138
141
138
138
138
117
135
123
126
126
114
120
120
114
105
102
114
108
93
105
108
108
108
105
102
90
99
102
87
96
93
90
87
93
93
93
90
81
90
87
87
87
75
87
87
81
81
75
81
84
84
81
72
78
78
75
78
66
75
72
66
69
75
72
75
72
69
63
69
69
54
69
66
66
66
51
60
57
54
57
54
57
57
57
57
57
42
54
54
54
51
54
54
51
54
54
48
51
54
54
51
51
51
45
51
51
27
51
51
51
51
51
51
51
48
48
48
48
45
42
48
48
48
45
45
45
42
45
45
45
45
42
42
42
36
42
42
42
42
42
42
39
36
36
39
39
39
39
30
39
39
39
39
36
36
21
36
36
36
33
21
36
27
36
30
33
33
33
30
33
30
21
27
33
33
33
30
33
33
33
30
33
33
33
30
27
9
30
30
30
30
30
30
30
24
27
30
30
30
30
30
21
30
30
30
27
27
24
27
27
18
27
0
24
27
27
24
27
27
27
24
27
27
27
27
27
27
27
27
24
24
24
24
24
21
24
21
24
24
21
24
24
21
24
24
24
24
24
24
24
21
21
18
21
21
21
21
15
21
21
21
21
21
18
21
15
18
21
21
9
21
21
21
21
21
18
21
21
12
21
21
15
21
21
21
18
18
18
15
18
18
18
18
15
3
18
18
18
18
18
18
18
6
18
18
18
12
18
18
18
18
18
18
18
18
18
15
18
18
18
18
18
18
15
18
18
18
18
18
18
18
18
15
15
18
15
18
18
12
15
15
15
15
15
15
15
15
15
15
15
15
15
15
9
12
15
15
15
15
12
15
15
15
15
15
12
15
15
15
15
15
15
0
15
15
15
15
15
15
15
15
15
15
15
15
15
15
15
15
15
15
15
12
15
15
15
15
0
15
15
12
12
12
3
12
12
12
12
6
12
12
12
12
12
12
12
12
9
12
12
12
6
12
12
9
9
0
12
12
12
12
12
12
12
12
12
12
12
12
12
12
12
12
12
12
12
3
12
12
12
12
12
12
12
12
12
12
12
9
12
12
12
0
12
12
9
12
12
12
9
9
9
9
9
9
9
9
9
9
9
6
6
9
9
9
9
9
9
9
9
9
9
9
9
9
9
9
9
9
9
9
6
9
9
9
9
9
0
9
9
9
9
9
9
9
9
0
9
9
9
9
9
9
9
6
9
9
9
9
9
6
9
9
9
9
9
9
9
9
6
9
9
9
9
9
9
9
9
9
9
9
9
9
9
9
9
9
9
9
9
9
9
9
9
9
9
9
9
6
9
3
9
9
9
9
9
9
9
6
6
6
6
6
6
6
6
0
6
6
6
6
6
6
6
6
6
6
6
6
6
6
6
6
6
6
0
6
6
6
6
6
6
6
6
6
6
6
6
6
3
6
6
6
6
6
6
6
6
6
6
6
6
6
6
6
6
6
6
6
6
6
6
6
6
0
6
6
6
6
6
6
6
0
6
6
6
6
6
6
6
6
6
6
6
6
6
6
6
6
6
6
6
6
6
6
6
6
6
6
6
6
6
6
6
6
6
6
6
6
6
6
6
6
6
6
6
6
6
6
6
6
6
6
6
6
6
6
6
6
6
6
6
6
6
6
6
3
6
6
6
6
6
6
6
6
6
6
6
6
6
6
6
6
6
6
6
6
6
6
6
6
6
6
6
6
6
6
6
3
6
6
6
6
6
6
6
3
6
6
6
3
6
0
6
6
6
6
6
6
6
6
6
6
6
6
6
6
6
3
6
6
6
3
3
3
3
3
3
3
3
3
3
3
3
3
3
0
3
3
3
3
3
3
3
3
3
3
3
3
0
3
3
3
3
3
3
3
3
3
3
3
0
0
3
3
3
3
3
3
3
3
3
3
3
3
3
3
3
3
3
3
3
3
0
3
3
3
3
3
3
3
3
3
3
3
3
3
3
3
3
3
3
3
3
3
3
3
3
3
3
3
0
3
0
3
3
0
3
3
3
0
3
3
3
3
3
3
3
3
3
3
3
3
3
3
3
3
3
3
3
3
3
3
3
3
3
3
3
3
3
3
3
3
3
3
3
3
3
3
3
3
3
3
3
3
3
3
3
3
3
3
3
3
3
3
3
3
3
3
3
3
3
3
3
3
3
3
3
3
3
3
3
3
3
3
3
3
3
3
0
3
3
0
3
3
3
3
3
3
3
3
3
3
3
3
3
3
3
3
3
0
3
3
3
3
3
3
0
3
3
3
3
3
0
3
3
3
3
3
3
3
3
3
3
0
3
3
3
3
3
3
3
3
0
3
3
3
3
3
3
3
0
3
3
3
3
3
0
3
3
3
3
3
3
3
3
3
3
3
3
3
3
3
3
3
3
3
3
3
3
3
3
3
3
3
3
3
3
0
3
3
3
3
3
3
3
0
3
3
3
3
0
3
3
3
3
3
3
3
3
3
3
3
3
3
3
3
3
3
3
3
3
3
3
3
3
3
3
0
3
3
3
3
0
3
3
3
3
3
3
3
3
3
3
3
3
3
3
3
3
3
3
3
3
3
3
3
3
3
3
3
3
3
3
0
3
3
3
3
3
3
0
3
3
3
3
3
3
3
3
3
3
3
3
3
3
3
3
3
3
3
3
3
3
3
3
3
0
3
3
3
0
3
3
3
3
3
3
3
3
3
3
3
3
3
3
3
3
3
3
3
3
3
3
0
3
0
3
3
3
3
3
3
3
3
3
3
3
3
3
3
3
3
3
3
3
3
3
3
0
3
3
3
0
3
3
3
3
3
3
3
3
3
3
3
3
3
3
3
3
0
3
3
3
3
3
3
3
3
3
3
3
3
0
0
3
0
3
3
3
3
3
3
3
3
3
3
3
3
3
3
3
3
3
3
3
3
0
3
3
0
3
3
3
3
3
3
3
3
3
3
3
3
0
3
3
3
3
3
3
3
3
1974
1413
1224
1068
915
789
777
732
738
750
693
678
684
675
663
516
534
549
471
387
426
429
408
399
396
378
375
351
354
330
318
297
279
288
273
297
264
261
252
240
249
234
240
228
0
231
219
189
225
201
210
210
207
192
195
198
198
186
186
177
192
186
183
126
171
174
171
171
162
162
168
171
153
162
162
156
165
162
162
165
156
159
141
153
147
156
150
144
144
129
141
147
144
138
141
144
135
135
114
126
132
126
129
114
126
123
123
123
123
123
114
120
114
114
114
108
117
114
117
114
108
111
105
105
93
108
105
108
111
111
105
102
108
90
105
105
105
96
93
102
102
99
48
87
93
99
96
96
96
96
78
84
84
90
81
90
87
90
87
84
87
87
87
87
75
84
72
84
75
84
84
81
63
72
81
78
78
3
78
57
75
69
75
72
75
75
63
57
72
51
72
60
69
66
69
69
69
69
69
66
66
66
36
66
66
66
66
63
57
63
60
63
63
63
60
63
60
27
63
57
60
60
60
57
54
51
60
60
57
57
54
45
57
57
54
54
54
54
54
54
54
54
54
54
54
42
51
36
54
54
54
51
51
48
51
48
51
51
39
51
48
48
51
48
48
48
51
51
48
36
45
48
48
42
48
45
48
48
45
42
36
45
48
42
36
45
45
45
42
39
45
45
42
39
45
45
42
45
45
45
45
45
42
42
36
6
42
42
42
39
42
42
42
36
42
42
39
42
42
39
42
42
36
42
42
42
39
39
36
30
39
39
39
30
39
39
39
39
39
39
33
39
39
36
36
36
39
39
39
39
39
39
39
39
33
39
36
36
30
36
36
36
36
36
18
36
33
36
36
27
33
33
33
33
30
30
33
33
33
30
33
33
33
30
33
30
33
27
33
33
33
30
33
33
30
30
33
0
33
33
30
30
30
30
30
30
30
27
30
30
30
30
27
27
27
27
30
24
30
30
30
30
27
12
30
30
27
27
30
24
27
27
27
24
24
27
27
27
27
27
27
27
27
24
27
24
27
27
27
27
27
27
27
27
27
27
27
24
21
9
27
24
27
24
27
27
27
27
27
24
27
27
27
18
21
24
24
24
24
24
21
24
24
24
24
21
21
24
18
15
24
24
24
24
21
24
24
15
24
24
24
24
24
24
24
21
0
24
24
24
24
24
21
24
24
24
24
24
24
0
21
21
18
21
21
21
21
21
21
21
21
18
21
21
21
21
21
21
21
18
21
21
21
21
21
21
18
21
15
21
21
21
21
18
21
21
21
21
15
21
21
21
21
21
21
21
21
18
21
21
3
18
21
18
21
21
12
21
21
21
15
18
18
18
18
18
18
18
18
18
18
18
18
18
18
18
18
18
15
18
18
9
18
18
15
15
12
15
18
18
18
18
0
18
18
18
18
18
18
18
18
15
18
15
18
15
18
18
18
18
18
18
18
15
18
15
18
18
18
18
18
18
12
18
15
18
18
18
18
18
18
15
18
18
15
15
12
15
15
15
15
15
12
15
15
15
15
15
12
15
15
15
15
15
15
15
12
12
15
15
15
15
15
15
15
15
12
15
15
15
15
12
15
15
15
15
15
15
15
15
15
15
15
3
15
15
15
12
15
15
15
15
15
15
15
15
15
15
15
15
15
15
15
15
15
15
15
3
15
15
15
12
9
12
0
12
12
12
12
9
12
12
12
12
12
12
12
12
12
12
12
12
12
12
12
12
9
12
12
12
12
12
12
12
12
12
12
12
12
12
12
12
12
12
12
12
3
12
12
12
12
12
12
12
12
12
3
3
12
12
12
12
12
12
12
12
12
12
12
12
12
12
12
12
12
12
12
12
12
12
12
12
9
12
12
12
12
12
12
9
9
12
12
12
12
12
12
12
0
12
12
12
12
12
12
12
12
12
12
12
12
12
9
9
6
9
9
9
9
9
9
9
9
9
9
9
9
9
9
9
0
9
9
9
9
9
9
9
9
9
9
9
9
9
9
9
9
9
9
6
9
9
9
9
9
6
9
9
9
9
9
9
9
9
9
3
0
9
9
9
3
9
9
9
9
9
9
9
9
9
3
9
9
9
9
9
9
9
9
9
6
9
9
9
9
6
6
9
9
9
9
9
0
9
9
9
9
9
3
9
9
6
6
9
9
9
9
9
9
9
6
9
9
9
9
9
9
9
9
9
9
9
9
9
9
9
9
9
9
9
9
9
9
9
9
9
9
9
6
0
9
9
9
9
6
9
9
9
9
6
9
6
6
6
6
6
6
6
6
6
6
6
6
6
6
6
6
6
6
6
6
6
6
3
6
6
6
6
6
6
6
6
6
6
6
6
6
6
6
0
6
6
6
0
6
3
6
6
6
6
6
6
6
6
6
6
6
6
6
6
6
6
6
6
6
6
6
6
6
6
6
6
6
6
6
0
6
6
6
6
6
6
6
6
6
6
6
6
6
6
6
6
6
6
0
6
6
6
6
6
3
6
6
6
6
6
6
0
3
6
6
6
6
6
6
6
6
6
6
3
6
6
6
6
6
6
6
6
6
6
6
6
6
6
6
6
6
6
6
6
3
6
6
6
6
0
6
6
6
6
0
6
6
0
6
6
6
6
6
6
6
6
6
6
6
6
6
6
6
6
6
6
6
6
6
6
6
6
6
6
6
6
6
6
6
6
6
6
6
6
0
6
6
6
6
6
6
6
3
6
6
6
6
6
6
6
0
0
6
6
6
6
6
6
6
6
6
6
3
6
6
6
6
6
6
6
6
6
0
6
6
6
6
6
6
6
6
6
6
6
6
6
6
3
6
6
6
6
6
6
6
6
6
6
6
0
6
6
6
6
6
6
6
6
6
6
6
6
6
6
6
6
3
6
6
6
0
6
6
6
6
6
6
6
6
3
6
6
3
6
6
6
6
6
6
6
6
6
3
3
3
3
3
3
3
3
3
3
3
3
3
3
3
3
3
3
3
3
3
3
3
3
3
3
3
3
3
3
3
3
3
3
3
3
3
3
3
3
3
3
3
3
3
3
0
3
3
3
3
3
3
3
3
3
0
3
3
3
3
3
3
3
3
3
3
3
3
3
3
3
3
3
3
3
3
3
3
0
3
3
3
3
3
3
3
3
3
3
3
3
3
3
3
3
3
3
3
3
3
3
3
3
3
3
3
3
3
3
3
3
3
3
3
3
3
3
3
3
3
3
3
3
3
3
3
3
3
3
3
3
3
3
3
3
0
3
3
3
3
3
3
3
3
3
0
3
3
3
3
3
3
3
0
3
3
3
3
3
3
3
3
3
3
3
3
3
3
3
3
3
3
3
3
3
3
3
3
3
3
3
3
3
3
3
3
3
3
3
3
3
3
3
3
3
3
3
3
3
3
3
0
3
0
3
3
3
3
3
3
3
3
3
3
3
3
3
3
3
3
3
3
3
3
3
3
3
3
3
0
3
3
3
3
0
3
3
3
0
3
3
3
3
3
3
3
3
3
3
0
3
0
3
3
3
3
3
3
3
3
3
3
3
3
3
3
3
3
3
3
3
3
3
3
3
3
3
3
3
3
3
3
3
3
3
3
3
3
3
3
3
3
3
3
3
3
3
3
3
3
3
0
3
3
3
3
3
3
3
3
3
3
0
0
3
3
3
3
3
3
3
3
3
3
3
3
3
3
3
3
3
3
3
3
3
0
3
3
3
0
3
3
3
3
3
3
3
3
3
3
0
0
3
3
3
3
3
3
3
3
3
3
3
3
3
3
3
3
3
3
3
3
3
3
3
3
3
3
3
0
3
3
3
3
3
3
3
3
3
3
3
3
3
0
3
3
3
3
3
3
3
3
3
3
3
3
3
3
3
3
3
3
3
3
3
3
3
3
3
3
3
0
3
3
3
3
3
3
3
3
3
3
3
3
3
3
3
3
3
3
3
3
3
3
3
3
3
3
3
3
3
3
3
3
3
3
3
3
0
3
3
0
3
3
3
3
3
3
3
3
3
3
3
3
3
3
3
0
3
3
3
3
3
3
3
3
3
3
3
3
3
3
3
3
3
3
3
3
3
3
3
3
3
3
3
3
0
3
3
3
3
0
3
3
3
3
3
3
3
3
3
3
3
3
3
3
3
3
3
3
3
3
3
3
3
3
3
3
3
3
3
3
3
3
3
3
3
3
3
3
3
0
3
3
3
0
0
0
3
3
3
3
3
3
3
3
3
3
3
3
3
3
3
3
3
3
3
3
3
3
3
3
3
3
3
3
3
3
3
3
3
3
3
3
3
3
3
3
3
3
3
3
3
3
3
3
3
3
3
3
3
3
0
3
3
3
3
3
3
3
3
3
3
3
3
3
3
3
3
3
3
3
3
3
3
3
3
3
3
0
0
3
3
0
3
3
3
3
3
3
3
3
3
3
3
3
0
3
3
3
3
3
3
3
3
3
0
3
3
3
3
3
3
3
3
3
3
3
3
3
3
3
3
3
3
3
3
3
3
3
3
3
3
3
3
3
3
3
3
3
3
3
3
3
3
3
3
3
3
0
3
3
3
3
0
3
3
3
3
3
3
3
3
0
3
3
3
3
3
3
3
3
3
3
3
3
3
5565
4959
3525
2685
1497
1242
1158
927
924
906
924
768
789
762
720
660
717
651
636
630
597
573
522
510
471
504
501
483
489
465
411
447
408
438
417
357
378
276
342
315
330
324
339
324
330
330
285
306
300
303
282
282
219
291
285
288
240
273
252
237
255
258
243
243
246
234
237
240
0
228
234
228
222
222
222
222
222
210
216
204
198
201
207
198
186
180
195
189
177
183
186
186
186
180
174
165
171
165
147
168
171
165
168
165
162
162
153
153
153
153
150
153
150
150
147
117
147
147
147
144
141
123
141
144
132
93
129
141
138
138
126
126
135
120
117
135
132
132
126
123
117
123
117
129
126
126
90
123
126
111
105
117
114
114
117
117
111
117
117
108
114
111
93
114
111
111
96
108
99
108
96
105
105
102
102
105
99
93
93
99
93
90
96
93
81
96
90
87
96
93
87
96
93
90
93
93
93
93
90
84
87
84
90
90
75
78
87
87
87
87
84
87
87
81
87
78
63
81
84
84
81
87
78
87
87
84
81
84
84
84
72
84
81
78
72
81
78
81
63
81
78
78
81
75
75
75
69
78
72
75
75
75
72
66
75
75
75
69
72
60
75
69
69
72
66
12
72
72
72
72
66
69
69
69
63
57
66
66
63
0
63
66
66
66
66
63
63
60
63
39
60
63
63
60
57
60
60
60
60
60
60
60
57
57
60
60
60
60
57
51
57
57
57
57
57
51
30
54
54
54
54
57
57
36
57
57
57
48
54
51
54
48
42
54
45
48
42
48
51
54
48
54
54
48
54
54
54
51
51
51
51
51
45
51
45
51
51
51
51
30
51
51
42
48
51
51
48
48
36
48
48
48
48
48
48
48
45
42
48
48
48
18
48
48
45
45
48
45
39
42
45
39
45
45
45
42
45
42
45
45
45
39
45
45
42
42
42
45
45
42
45
42
42
42
42
42
42
42
39
42
42
39
42
42
39
42
42
36
36
42
33
42
39
36
33
39
36
39
30
39
39
39
39
39
39
39
39
39
39
39
39
33
33
39
39
33
24
36
36
36
36
36
36
27
36
36
36
36
36
36
36
36
33
36
36
36
36
36
27
36
36
36
0
36
36
36
21
36
36
27
33
33
33
30
30
33
33
33
33
30
30
33
33
33
33
27
33
33
33
33
33
33
33
33
33
33
30
33
33
33
33
33
33
30
33
33
33
33
30
30
30
30
27
30
30
30
30
30
30
3
27
30
30
30
30
30
30
30
27
30
24
30
30
30
30
30
30
30
27
30
30
30
30
30
30
24
30
30
30
30
30
30
30
30
30
27
27
27
27
12
27
24
27
27
27
21
27
21
27
27
27
27
27
27
24
21
27
27
24
27
24
24
27
27
27
27
27
27
24
27
27
27
27
27
27
27
27
27
24
27
27
24
24
24
24
24
18
24
24
24
24
24
24
21
21
24
24
24
24
24
24
24
24
24
0
21
21
24
24
24
24
24
24
21
24
24
24
24
24
24
24
24
24
24
21
3
24
21
24
24
24
24
24
21
24
0
24
24
21
24
6
21
21
21
21
21
21
21
21
15
21
21
21
21
15
21
21
21
21
21
21
21
21
21
15
18
18
21
18
21
18
18
9
21
21
21
21
21
18
21
21
21
21
21
6
21
21
21
15
21
21
21
21
21
18
12
21
21
21
21
21
21
21
21
21
18
21
18
21
21
21
21
21
18
21
15
18
18
18
18
18
15
9
18
18
15
18
15
18
15
18
18
18
18
18
18
15
18
18
15
18
18
18
18
15
18
18
18
9
9
18
18
18
18
18
18
18
18
18
18
18
18
15
18
15
18
6
18
18
18
18
18
18
18
18
18
15
18
18
18
18
18
18
18
15
18
18
18
18
18
18
18
18
18
18
18
15
15
15
15
15
15
15
15
15
12
15
15
15
15
15
15
15
15
15
15
15
15
15
9
15
12
12
15
15
15
15
15
15
15
15
15
15
15
15
15
15
15
9
12
15
15
15
15
15
15
15
15
15
15
15
15
15
15
3
15
15
15
15
12
15
15
0
15
15
15
12
12
15
15
15
15
15
15
15
15
15
15
15
6
12
15
15
15
12
15
15
15
15
15
15
15
15
15
15
6
12
12
12
12
12
12
12
12
9
12
12
12
12
12
12
12
9
12
12
12
12
12
12
12
12
12
12
12
9
12
12
6
12
12
12
12
12
12
0
12
12
12
12
9
12
12
12
6
12
12
9
12
12
12
12
12
12
12
12
0
12
12
12
12
12
12
12
12
12
12
12
12
12
12
12
12
12
12
12
12
0
12
12
12
12
12
9
12
12
12
12
12
9
12
12
12
9
12
12
12
12
12
9
12
12
12
12
12
12
12
12
12
12
6
12
12
12
12
12
12
12
12
9
12
12
12
12
12
12
12
12
9
12
12
12
12
12
12
12
12
12
9
9
9
9
9
6
9
9
9
9
9
9
9
9
9
6
9
9
9
9
6
9
9
9
9
9
9
6
9
9
9
9
9
0
9
9
9
9
9
9
9
9
9
9
9
0
9
9
9
9
9
9
9
9
9
9
9
9
9
6
9
9
9
9
9
9
9
9
9
3
9
9
9
9
9
6
6
6
9
9
9
6
9
9
9
9
9
9
6
6
9
9
9
9
9
9
9
9
3
9
9
0
9
9
6
9
9
9
9
0
9
9
9
9
9
6
3
9
9
9
9
9
6
9
9
9
9
9
9
9
9
9
9
6
9
9
9
9
9
9
9
9
9
9
0
9
9
9
6
6
9
9
9
9
9
9
9
6
9
9
6
9
9
9
9
6
9
9
9
9
9
9
9
6
9
9
9
9
9
9
9
9
6
9
9
9
9
9
9
9
0
6
9
9
6
6
9
9
9
9
9
9
9
9
9
9
9
9
9
9
9
9
3
9
9
9
9
9
9
9
0
0
9
9
9
9
9
6
9
9
9
9
9
9
9
6
9
9
9
6
6
6
6
3
6
6
6
6
6
3
6
6
6
6
6
6
6
6
6
6
6
6
6
6
6
6
6
6
6
6
6
0
6
6
3
6
6
6
0
6
6
6
6
0
6
6
6
6
6
6
6
6
6
6
6
6
0
6
6
6
6
6
6
6
6
6
6
6
6
6
6
3
6
6
6
6
6
6
6
6
6
6
6
6
6
6
6
0
6
6
6
6
3
6
6
6
6
6
6
6
6
6
6
6
6
6
6
6
6
6
6
0
6
6
3
6
6
3
6
6
3
6
6
0
6
6
6
6
6
6
6
6
6
0
6
6
6
3
6
6
6
6
6
6
6
6
6
6
6
6
3
6
6
6
6
6
6
6
6
6
6
6
6
0
6
6
6
6
6
6
6
6
6
6
6
6
6
6
6
6
6
6
6
6
6
6
6
6
6
6
6
6
6
6
6
6
6
6
6
6
6
6
6
6
6
6
6
6
6
6
6
6
6
6
6
6
6
6
6
6
6
0
6
6
6
6
6
6
6
6
6
6
6
6
6
6
6
6
6
6
6
6
6
6
6
3
3
6
6
6
6
6
6
6
6
6
6
6
6
6
0
6
6
6
6
6
6
6
6
0
0
6
6
6
6
6
6
3
6
6
6
6
6
6
6
6
6
6
6
3
6
6
0
6
6
6
6
6
6
6
6
6
6
6
6
6
6
6
6
6
6
6
3
6
6
6
6
3
6
6
6
6
6
3
6
6
6
6
6
6
6
6
6
6
6
6
6
6
6
6
6
6
6
6
6
6
6
6
6
6
3
6
6
6
6
6
3
6
6
6
6
6
6
6
6
6
6
6
6
6
6
6
6
6
6
6
0
3
3
3
3
3
3
3
3
3
3
3
3
3
3
3
3
3
3
3
3
3
3
3
3
3
3
3
3
3
3
3
3
3
3
3
3
3
3
3
3
3
3
3
0
3
3
3
3
3
3
3
3
3
3
3
3
3
3
0
3
3
3
3
0
3
3
3
3
3
3
3
3
3
3
3
0
3
3
0
3
3
3
3
3
3
3
3
3
3
3
3
3
3
3
3
3
3
3
3
3
3
3
3
3
3
3
3
3
3
3
3
3
3
3
3
3
3
3
3
3
3
3
3
3
3
3
3
3
3
3
3
3
3
3
3
0
3
3
3
3
3
3
3
3
3
3
3
3
3
3
3
3
3
3
3
3
3
0
3
3
3
3
3
3
3
3
3
3
3
3
3
3
0
3
3
3
3
3
3
3
3
3
3
3
3
3
3
3
0
3
3
3
3
3
3
3
3
3
3
0
3
3
3
3
3
3
3
3
3
3
3
3
3
3
3
3
3
3
3
3
0
3
3
3
3
3
3
3
0
3
3
3
3
3
0
3
3
3
3
3
3
3
3
3
3
3
3
3
3
3
3
3
3
3
3
3
3
3
3
3
3
3
3
3
3
3
3
3
3
3
3
3
3
3
0
3
3
3
3
3
3
3
3
3
0
3
3
3
0
3
3
3
0
3
3
3
3
3
3
3
3
3
3
3
3
3
0
3
3
3
3
3
3
3
3
3
3
3
3
3
3
3
3
3
3
3
3
3
3
0
3
3
3
3
3
3
3
3
3
3
3
3
3
3
3
3
3
3
3
3
3
3
3
3
3
3
3
3
3
3
3
3
3
3
3
3
3
3
3
0
3
0
3
3
3
3
3
0
3
3
3
3
3
3
3
3
3
3
3
3
3
3
3
3
3
3
3
3
3
3
3
3
3
3
3
3
3
0
3
3
3
3
3
3
3
3
3
3
3
3
3
3
3
3
3
3
3
3
0
3
3
3
3
3
0
3
3
3
3
3
3
3
3
3
3
3
3
3
3
3
3
3
3
3
3
3
3
3
3
3
0
3
3
3
3
3
3
3
3
3
3
3
3
3
3
3
3
3
3
3
3
3
3
3
3
3
3
0
3
3
3
3
3
0
3
3
3
0
3
3
3
3
3
3
3
3
3
3
3
3
3
3
3
3
3
3
3
3
3
3
3
3
3
3
3
3
3
3
3
3
0
3
3
3
3
3
3
3
3
3
3
3
0
3
3
3
3
3
0
3
3
3
3
3
3
3
3
3
3
3
3
0
3
3
3
3
3
3
3
3
3
3
3
3
3
3
3
3
3
3
3
3
3
3
3
3
3
3
3
3
3
3
3
3
3
3
3
3
0
3
3
3
3
3
3
3
3
3
3
3
3
3
0
3
3
3
3
3
3
3
3
3
3
3
3
3
3
3
0
3
3
0
3
3
3
3
3
3
3
3
3
3
3
3
3
3
3
3
0
3
3
3
3
3
3
3
3
3
3
3
3
3
3
3
3
3
3
3
3
3
3
3
3
3
3
3
3
3
3
3
3
3
3
3
3
3
3
3
3
3
3
3
3
3
3
3
3
3
3
3
3
0
3
3
3
3
3
3
3
3
3
3
3
3
3
3
3
0
3
3
3
3
3
3
3
3
3
3
3
3
3
3
3
3
3
3
3
0
3
3
3
3
3
3
3
3
3
3
3
3
3
3
3
3
3
3
0
3
3
3
3
3
3
3
3
3
3
3
3
3
3
3
3
3
3
3
3
0
3
3
3
3
3
3
3
3
3
3
3
3
3
3
3
3
3
3
0
3
3
3
3
3
3
3
3
3
3
3
3
0
3
3
3
0
3
3
3
3
3
3
3
3
3
3
3
3
3
3
3
3
3
3
3
3
3
3
3
3
3
3
3
3
3
3
3
3
3
3
3
3
3
3
3
3
3
3
3
3
3
3
3
3
0
3
3
3
3
3
3
3
0
3
3
3
3
3
3
3
3
3
3
3
3
3
3
3
0
3
3
3
3
3
3
3
3
3
3
3
3
3
3
3
3
3
3
3
3
3
3
3
3
3
3
3
3
3
3
0
3
3
3
3
3
3
3
3
3
3
3
3
3
3
3
3
3
3
3
3
3
3
3
0
0
3
3
3
3
3
3
3
3
3
0
5613
4371
3048
1953
1659
1830
1506
1521
1392
1404
1101
1077
1194
1062
1014
990
927
873
846
813
792
840
738
753
738
639
696
696
684
615
579
600
597
570
516
546
558
540
537
531
513
534
525
501
525
498
504
444
450
414
459
444
417
441
372
438
438
405
390
387
402
390
372
363
375
363
363
351
348
333
345
252
333
333
318
207
321
288
312
285
282
309
282
303
294
303
297
285
270
285
279
282
282
279
216
276
258
267
264
267
264
264
246
252
252
252
246
234
222
231
219
234
210
216
213
213
228
222
228
219
207
219
213
213
213
198
204
117
210
183
207
204
204
201
201
186
195
186
189
189
195
189
183
126
183
186
186
168
180
183
162
180
174
171
180
177
165
168
168
171
171
168
162
168
162
168
165
162
159
156
156
159
153
159
156
138
150
147
156
147
144
153
138
144
108
150
153
150
105
135
144
129
126
138
144
135
138
129
138
135
135
129
138
138
138
135
135
135
135
135
132
126
132
132
132
114
126
129
132
126
129
123
126
102
126
54
126
108
117
117
123
108
120
108
120
114
108
111
117
117
114
117
117
117
114
111
105
111
114
114
102
108
108
111
105
108
108
108
99
108
102
108
105
108
99
102
105
105
105
99
105
105
93
99
96
102
102
60
99
93
99
99
99
99
93
99
87
96
96
81
96
93
75
90
93
75
93
93
84
90
84
90
84
87
81
90
81
87
84
81
87
84
78
81
87
87
87
78
81
78
84
78
84
81
75
84
81
72
81
81
69
78
78
81
78
78
72
81
75
78
75
72
78
69
72
66
72
60
69
75
57
75
75
75
69
75
75
75
75
72
66
72
66
69
72
72
69
69
66
69
69
66
66
57
69
63
66
69
57
66
66
60
66
66
66
66
60
66
48
60
60
36
66
66
63
54
60
57
63
63
54
57
60
63
57
60
60
60
57
60
54
60
57
51
42
57
54
57
48
57
57
0
57
54
54
54
57
51
57
51
51
54
57
54
54
45
54
45
54
54
51
51
51
54
54
54
48
54
54
33
51
42
51
45
48
51
51
51
45
48
51
36
51
45
51
48
48
45
39
51
51
42
48
48
48
45
45
48
48
48
48
45
45
48
48
48
48
48
42
48
48
48
42
42
39
48
48
42
48
48
48
48
48
45
27
42
45
45
39
42
45
45
45
3
45
45
45
45
30
45
45
42
45
42
33
42
42
42
39
42
30
39
18
42
42
39
42
36
42
42
30
42
36
42
39
12
39
42
36
42
42
39
39
12
39
39
36
39
39
39
39
39
39
39
39
36
39
39
39
36
39
39
39
39
39
39
21
36
39
36
36
36
36
27
30
36
30
36
36
36
36
33
36
24
36
36
36
36
36
36
36
33
36
33
36
36
36
36
33
36
36
36
36
18
33
33
30
33
33
33
18
33
33
24
33
33
33
33
33
30
33
33
27
33
33
33
30
33
33
33
33
30
33
33
33
33
33
30
33
33
33
33
33
33
33
33
33
30
30
30
30
30
30
24
30
30
30
12
30
30
30
30
30
30
30
30
30
30
30
30
30
30
30
30
30
30
30
30
30
30
30
30
30
30
30
30
30
30
30
30
30
30
24
30
30
30
30
30
27
24
30
30
27
27
27
27
27
27
27
27
27
27
27
27
27
27
27
27
27
27
27
27
27
27
27
27
27
27
6
27
27
27
27
24
27
27
27
21
27
24
27
24
27
27
27
27
27
27
24
27
27
27
24
24
24
6
18
24
24
24
24
24
24
24
24
24
24
24
24
24
24
24
21
24
21
24
24
24
24
24
24
18
24
24
24
24
24
24
24
24
21
18
24
24
24
24
21
24
24
24
24
24
12
24
21
24
24
24
24
24
24
24
24
21
24
9
24
24
24
24
15
21
18
15
18
21
21
21
21
21
3
12
15
21
21
21
21
18
21
21
21
21
21
21
21
21
21
21
15
21
21
21
21
21
21
21
21
21
21
21
21
21
21
21
18
21
21
21
21
21
21
18
21
21
12
18
21
21
21
21
21
21
18
21
21
21
21
21
18
21
21
18
21
12
21
18
21
21
21
21
21
21
21
21
21
9
18
18
18
6
18
18
18
18
18
18
18
15
18
18
18
18
18
18
18
18
18
12
18
18
18
18
18
18
18
18
18
15
18
15
18
18
18
18
18
18
18
15
18
18
18
18
18
18
18
18
18
15
18
18
18
18
18
15
18
18
18
18
9
9
18
18
18
3
15
18
18
18
18
18
18
18
18
18
18
0
18
18
18
18
18
18
18
18
18
12
15
15
18
18
15
15
15
15
15
15
15
15
15
15
15
12
15
15
15
15
15
12
15
0
12
12
15
15
15
15
15
15
15
15
15
15
12
15
15
15
15
15
15
15
15
15
12
15
15
15
15
15
15
15
9
15
15
15
15
15
15
15
15
9
15
15
15
6
15
15
12
15
15
15
15
15
15
15
15
12
15
15
15
15
15
12
0
15
15
15
15
15
15
15
9
15
12
15
15
15
0
15
15
12
15
15
15
15
15
15
15
12
15
15
15
15
15
15
15
15
15
15
9
15
15
12
15
12
9
9
9
12
12
12
12
12
12
12
12
12
12
12
12
12
12
12
12
12
12
12
12
9
12
12
12
12
12
12
12
12
12
12
12
12
12
12
12
12
12
12
6
9
12
9
12
12
9
12
12
12
6
6
9
12
12
12
12
12
12
12
12
9
3
9
12
12
12
12
12
9
9
12
12
9
12
6
12
12
12
12
12
12
12
0
12
9
12
12
12
12
12
12
12
12
12
12
9
12
12
12
12
12
12
12
12
12
12
12
12
12
9
12
12
12
9
12
12
12
12
12
12
12
12
12
12
12
12
12
12
12
12
12
12
12
12
12
12
12
12
12
12
9
12
12
12
12
12
12
12
12
12
12
12
12
12
12
12
6
12
12
9
9
9
9
0
9
9
9
9
9
9
9
9
9
9
6
9
0
6
9
9
9
9
9
9
9
9
9
9
9
9
9
9
9
9
9
6
9
6
9
9
9
9
9
9
6
9
9
9
9
9
9
9
9
9
9
9
9
6
9
9
9
9
9
9
9
6
9
9
9
9
9
9
9
9
9
9
9
9
6
6
9
9
9
9
9
9
9
9
6
9
9
9
9
6
9
9
9
9
9
9
9
9
9
0
9
9
9
9
9
9
9
9
3
9
9
9
9
6
9
9
9
6
6
9
9
9
9
9
9
9
9
9
9
9
9
9
9
9
9
9
9
9
9
9
9
9
9
9
9
9
9
9
9
9
9
9
3
9
9
9
9
9
9
9
9
9
9
9
9
9
9
9
9
9
9
9
9
9
9
9
9
9
9
9
9
9
9
9
3
9
6
9
9
9
9
9
9
9
9
9
9
9
9
9
9
9
9
9
9
9
9
9
9
9
9
6
6
0
3
6
3
6
6
0
6
6
6
6
6
6
6
6
3
6
6
6
6
6
6
6
6
6
6
6
6
6
0
6
0
6
6
6
6
6
6
6
6
6
6
6
6
6
6
6
6
6
6
6
6
6
6
6
6
6
6
3
6
6
6
6
6
6
6
6
6
6
6
6
6
6
6
6
6
6
6
6
6
3
6
6
6
6
6
6
6
0
6
6
6
6
6
6
6
6
6
6
6
6
6
6
6
0
6
6
6
6
6
3
6
6
6
6
6
6
6
6
6
6
6
6
6
6
6
0
6
6
6
6
6
6
6
6
6
6
6
6
6
6
6
6
6
6
6
6
6
6
6
6
3
6
3
6
6
6
6
6
0
6
6
6
6
6
6
6
6
6
6
6
6
6
6
6
6
6
6
6
6
6
3
6
6
6
6
6
6
6
6
3
6
6
6
6
6
6
6
6
6
6
6
6
6
6
6
6
6
6
6
6
6
6
6
6
6
6
6
6
6
6
6
6
6
6
6
6
6
6
6
6
6
6
6
6
3
6
0
6
6
6
6
6
6
6
6
6
6
6
6
6
6
6
6
6
6
6
6
0
6
6
6
6
6
6
6
3
6
0
6
6
6
6
0
6
6
6
6
0
6
3
6
6
6
6
6
6
6
6
6
6
6
6
6
6
6
6
6
6
6
6
6
6
6
6
6
6
3
6
6
6
6
6
6
6
6
6
6
6
6
6
0
6
6
6
6
6
3
6
3
6
6
0
6
6
6
6
6
6
6
6
6
6
6
6
6
6
6
6
6
6
6
6
6
6
6
6
6
6
6
6
6
6
3
6
6
6
6
6
6
3
6
6
3
6
6
6
6
6
6
6
6
6
6
6
6
3
6
6
6
6
6
6
0
6
6
6
6
6
6
6
6
6
6
6
6
6
6
3
6
6
6
6
6
6
6
6
6
6
6
6
6
6
6
6
3
6
6
6
6
6
6
6
6
6
6
6
3
6
0
6
6
6
6
6
6
0
6
6
6
6
6
6
6
6
6
3
3
0
3
3
3
3
3
3
3
3
3
3
3
3
3
3
3
3
3
3
3
3
0
3
3
0
3
3
3
3
3
3
3
3
3
3
0
3
0
3
3
3
3
3
3
3
3
3
3
3
3
3
3
3
3
3
3
3
3
3
3
3
3
3
3
3
3
3
3
3
3
3
3
3
3
3
3
3
3
0
3
3
3
3
3
3
3
3
3
3
3
0
3
3
3
3
3
3
3
3
3
3
3
3
3
3
3
3
3
3
3
3
3
3
3
3
3
3
3
3
3
3
3
0
3
3
0
3
3
3
3
3
3
3
3
3
3
3
0
3
3
3
3
3
3
3
3
3
3
3
3
3
3
3
3
3
3
3
3
3
3
3
3
3
3
3
3
3
3
3
3
3
3
3
3
3
3
3
3
3
3
3
3
3
3
3
3
3
3
3
3
3
3
3
3
3
3
3
3
3
3
3
3
3
3
3
3
3
3
3
3
3
3
3
3
3
3
3
3
3
3
3
3
3
3
3
3
3
3
3
0
3
3
3
3
3
3
3
3
3
3
0
3
3
3
3
3
3
3
3
3
3
3
0
3
3
3
3
3
3
0
3
3
3
3
3
3
0
3
3
3
3
3
3
3
3
3
3
3
3
3
3
3
3
3
3
0
3
3
3
3
3
3
3
3
3
0
3
3
3
3
3
3
3
3
3
3
3
3
3
3
3
3
0
3
3
3
3
3
3
3
3
3
3
0
3
3
3
3
3
3
3
3
3
3
3
3
3
3
3
3
3
3
3
3
3
3
3
3
3
3
3
3
3
3
3
3
3
3
0
3
3
3
3
3
3
3
3
3
3
3
3
3
3
3
0
3
3
3
0
3
3
3
3
3
3
3
3
3
3
3
3
3
3
3
3
3
3
3
3
3
3
3
3
3
3
0
3
3
3
3
3
3
3
3
3
3
3
3
3
3
3
3
3
3
3
3
3
3
3
3
3
0
3
3
3
3
3
3
3
3
3
3
3
3
3
3
0
3
3
3
3
3
3
3
3
3
3
3
0
3
3
3
3
0
3
3
0
0
3
3
3
0
3
3
3
3
3
3
3
3
3
3
3
3
3
3
3
3
3
3
0
3
3
3
0
3
3
3
3
3
3
3
3
0
3
3
3
0
3
3
3
3
3
3
3
3
3
3
3
3
3
3
3
3
3
3
3
3
3
0
3
3
3
3
3
3
3
3
3
3
3
3
3
3
3
3
3
3
3
3
3
3
3
3
0
3
3
3
3
3
3
3
3
3
3
3
3
3
0
3
3
3
3
3
3
3
3
3
3
3
3
3
3
3
3
3
3
3
3
3
3
3
0
3
0
3
3
3
3
3
3
3
3
3
3
3
3
3
3
0
3
3
3
3
3
3
3
3
3
3
3
3
3
3
3
3
3
3
0
3
3
3
3
3
3
3
3
3
3
3
3
3
3
3
3
3
3
3
3
3
3
3
3
3
3
3
3
3
3
3
3
3
3
3
3
3
3
3
3
0
3
3
3
3
3
3
3
3
3
3
3
3
3
3
3
3
3
3
3
3
3
3
3
3
3
3
0
3
3
3
3
3
3
3
3
0
3
3
3
3
3
3
3
3
3
3
3
3
3
3
3
3
3
3
3
3
3
3
3
0
3
3
3
3
3
3
3
3
3
3
3
3
3
3
3
3
3
3
3
3
3
3
3
3
3
3
3
3
3
3
3
3
3
0
3
3
3
3
3
3
3
3
3
3
3
0
3
3
3
3
3
3
3
3
3
3
3
3
3
3
3
3
3
3
3
3
3
3
3
3
3
3
3
3
3
3
3
3
3
3
3
3
3
3
3
3
3
3
3
3
3
3
3
3
3
3
3
3
3
3
3
3
3
3
3
3
3
3
3
3
3
3
3
3
3
3
3
3
3
3
3
3
3
3
3
3
0
0
3
3
3
3
3
3
3
3
3
3
3
0
3
3
3
3
3
3
3
3
3
3
3
3
3
3
3
3
3
3
3
3
3
3
3
3
3
3
3
3
3
3
3
0
3
3
3
3
3
3
3
3
3
3
3
3
3
3
3
3
3
3
3
3
3
3
3
3
3
3
3
3
3
3
3
3
3
3
3
3
3
3
3
3
3
3
3
3
3
3
3
3
3
3
3
3
3
3
3
3
3
3
3
3
3
3
3
3
3
3
3
3
3
3
3
3
3
3
3
3
3
3
3
3
3
3
3
3
3
0
3
0
3
3
3
3
0
3
3
3
3
3
3
3
3
3
3
3
3
3
3
3
3
3
3
3
3
3
3
3
3
3
3
3
3
3
3
3
0
3
3
3
3
3
3
3
3
3
0
3
3
3
3
3
3
3
3
3
3
3
3
0
0
3
3
3
3
3
3
3
3
3
3
3
3
3
3
3
3
3
3
3
3
3
3
3
3
3
3
3
3
3
3
3
3
3
3
8256
5196
3900
3801
2355
2394
2298
2025
1680
1605
1599
1470
1527
1506
1389
1353
1338
1278
1299
1218
1227
1086
1083
981
894
960
846
894
879
834
879
846
756
723
741
747
672
699
648
690
684
666
654
639
597
615
612
630
606
600
591
597
606
585
600
573
570
573
588
570
555
564
531
558
546
489
552
546
537
543
510
537
510
525
537
498
522
501
501
498
471
495
489
462
480
477
471
474
462
402
426
420
282
426
405
378
402
417
408
360
369
402
402
405
384
378
399
390
378
381
372
381
312
330
381
333
366
363
372
360
345
366
345
357
348
357
330
258
339
330
288
183
336
330
327
321
312
312
318
300
186
288
294
312
300
291
306
279
270
291
285
294
129
288
276
288
273
285
105
288
273
267
267
270
267
270
258
261
264
270
210
228
267
261
261
258
258
261
258
243
252
249
252
246
234
237
231
240
237
228
240
216
210
219
228
216
210
234
234
231
222
225
222
207
225
195
219
216
207
210
216
186
195
198
207
201
207
204
174
204
186
183
201
192
195
186
195
180
189
186
189
189
180
183
183
180
168
153
174
174
180
177
156
177
177
168
165
174
168
168
171
171
156
171
159
171
159
147
162
153
162
150
162
150
102
156
153
156
156
156
153
153
156
153
150
150
126
150
141
144
150
147
132
132
141
123
129
138
135
141
123
135
123
135
123
120
135
132
120
126
114
126
120
117
129
129
108
117
126
123
126
120
123
99
123
117
123
123
123
120
120
120
117
117
84
120
120
117
117
117
111
117
96
117
114
111
111
114
108
105
111
114
111
114
102
102
105
111
90
111
105
111
108
105
111
111
105
108
108
99
108
105
108
102
102
72
105
105
99
102
99
96
90
102
57
96
99
93
99
96
90
96
93
75
96
66
93
84
84
72
93
93
90
93
78
84
90
90
90
90
90
87
87
90
75
69
87
87
87
87
81
84
87
78
84
84
84
81
78
84
72
81
78
69
81
54
81
81
81
81
69
81
75
78
78
78
78
78
66
78
78
75
78
72
57
75
75
75
75
78
72
78
78
69
75
75
75
75
75
75
75
69
63
75
72
72
72
69
72
69
72
72
72
72
60
72
72
72
69
69
72
72
72
72
48
72
72
72
72
60
42
66
69
48
66
66
63
66
69
69
66
63
66
69
69
63
66
66
69
63
63
48
66
66
57
60
63
66
66
66
57
66
66
63
63
63
51
54
57
63
60
60
63
63
63
60
63
60
51
60
57
57
60
51
57
60
60
60
60
60
6
51
57
60
51
45
57
57
54
39
54
57
57
54
54
54
57
57
54
57
57
51
54
57
54
51
57
54
54
51
54
51
39
51
54
54
54
48
54
54
54
51
51
42
51
51
51
45
51
51
45
51
51
42
48
45
48
45
51
51
51
51
48
48
48
48
48
48
48
48
21
48
48
48
42
48
48
45
42
48
48
48
48
48
48
48
48
48
45
45
45
45
42
39
45
45
39
45
45
45
45
39
45
45
0
45
45
45
45
42
39
45
42
42
45
45
24
45
45
45
36
42
42
42
42
39
42
42
39
42
42
42
36
39
42
42
39
42
42
42
39
42
36
42
39
42
42
42
42
39
39
39
39
39
39
36
39
39
39
39
6
27
39
39
39
36
39
39
21
39
39
36
39
39
39
39
39
33
36
33
36
36
36
36
36
36
36
36
36
36
36
36
36
36
33
36
36
33
33
33
30
33
33
33
18
33
33
30
33
33
33
33
33
33
33
30
24
24
33
33
27
30
33
33
30
27
33
33
33
33
27
33
30
33
33
33
33
33
33
33
33
33
30
30
30
30
27
30
30
30
30
30
24
30
30
30
30
30
30
27
30
30
30
27
30
30
30
27
30
30
27
30
30
30
27
30
30
30
30
30
30
30
27
30
27
30
30
30
30
30
30
30
30
30
27
27
18
27
27
27
27
27
27
27
24
27
24
27
27
27
27
21
24
0
27
27
27
27
27
21
27
27
24
27
27
27
27
27
15
27
27
27
24
27
27
24
27
27
27
27
27
21
27
27
27
27
27
27
27
21
27
27
27
12
27
27
27
27
27
27
24
24
24
24
24
21
24
24
18
24
24
24
24
24
24
24
9
24
24
21
24
24
24
24
24
24
24
24
24
24
24
21
21
24
24
21
24
24
24
24
24
24
24
24
21
24
18
24
24
24
24
24
18
12
24
24
24
24
24
24
24
24
24
24
21
21
21
21
18
21
21
21
21
21
9
18
21
21
21
21
21
21
21
21
21
21
21
15
21
21
21
21
21
21
21
15
21
21
18
21
21
21
12
21
21
18
21
21
21
21
21
21
21
21
21
9
21
21
21
21
18
21
21
21
21
21
18
21
21
21
21
21
21
21
21
21
21
21
12
21
21
18
18
18
18
18
18
15
18
18
18
18
18
12
15
18
18
18
18
18
18
15
18
15
18
18
18
18
18
18
18
18
15
18
12
18
18
18
15
18
18
9
18
18
18
18
18
18
18
18
18
18
18
18
18
18
18
18
18
18
18
18
18
18
18
18
18
18
15
18
18
15
18
18
9
9
18
18
18
18
18
12
18
12
18
18
18
18
15
15
12
12
15
15
12
15
15
15
15
15
15
15
15
15
15
15
15
15
15
15
15
15
15
15
15
15
15
15
15
15
15
15
15
15
15
15
15
15
15
15
0
15
15
15
15
12
15
15
15
15
15
15
15
15
15
15
15
15
9
9
15
15
15
15
15
15
15
15
15
15
15
15
0
15
15
15
15
15
15
0
15
15
15
15
15
0
15
12
15
15
15
15
15
15
15
15
15
15
15
15
15
15
15
12
15
15
15
15
15
15
15
15
15
15
15
15
15
15
15
12
15
15
15
15
12
12
12
12
12
12
12
12
12
12
12
12
12
9
12
12
12
12
12
12
12
12
12
12
0
12
12
12
12
6
3
12
12
12
12
12
12
12
12
12
12
9
12
12
12
12
12
12
12
12
12
3
12
12
12
12
12
12
12
12
12
12
12
12
12
3
12
9
12
12
12
12
12
12
12
12
12
12
12
12
12
12
12
12
12
12
12
9
12
12
12
12
12
12
12
12
3
12
12
12
12
12
12
12
12
3
9
9
12
12
12
12
9
12
12
12
12
12
12
12
12
12
12
12
12
12
12
9
12
12
12
12
12
12
12
12
12
12
12
12
12
12
12
12
12
9
12
9
12
12
12
12
12
12
12
12
12
12
12
12
12
12
12
12
12
9
12
6
9
12
12
12
12
12
12
12
12
12
0
12
12
12
12
12
9
6
12
12
12
12
9
12
12
12
12
9
9
9
9
9
9
9
9
9
9
9
9
9
9
9
6
6
9
9
9
9
9
9
9
9
9
9
6
9
9
9
6
9
3
9
9
9
9
9
9
9
9
9
9
3
9
9
9
9
9
9
6
9
9
9
9
9
9
9
9
9
9
9
9
6
9
9
9
9
9
9
9
9
6
9
9
9
9
9
6
9
9
9
9
9
9
9
9
9
9
9
9
9
0
6
9
9
9
9
9
9
9
9
9
9
0
9
9
6
9
9
9
0
9
3
9
9
9
6
0
9
9
9
9
3
9
9
9
9
9
9
9
9
9
9
9
9
9
9
9
9
9
9
9
9
9
9
9
9
9
6
9
9
9
9
9
3
9
9
9
9
9
9
9
9
9
9
3
9
9
9
9
9
6
9
9
9
9
9
9
9
9
9
6
9
9
9
9
9
9
9
9
9
9
9
9
9
9
9
9
9
9
9
9
9
9
9
9
9
9
9
9
9
9
9
9
9
9
9
9
9
9
9
9
9
9
9
9
9
6
0
6
6
6
6
6
6
6
6
6
3
6
6
6
6
6
6
6
6
6
6
6
6
6
6
0
6
6
6
6
6
6
6
6
6
6
6
6
6
6
6
6
6
6
6
6
6
6
6
6
6
3
6
6
6
6
6
6
6
6
6
6
6
6
6
6
6
6
6
6
6
6
6
6
6
6
6
6
6
6
6
6
6
6
6
6
6
6
6
6
6
6
3
6
6
6
6
6
6
6
6
6
6
6
6
6
6
6
6
3
6
6
6
6
6
6
6
6
6
6
6
6
6
6
6
0
6
6
6
6
6
6
6
6
6
6
6
6
6
6
6
6
6
6
6
3
6
6
6
6
6
6
6
6
6
6
6
6
6
6
6
6
3
6
6
6
6
6
6
6
6
6
6
6
6
6
6
0
0
6
6
6
6
6
6
6
6
6
0
6
6
6
6
6
6
6
6
6
6
6
6
6
6
6
0
6
6
6
6
6
6
6
6
6
6
6
6
6
6
6
6
6
6
6
6
6
6
6
6
3
6
6
6
6
6
6
6
6
6
6
6
6
6
6
6
6
6
6
6
6
6
6
3
6
6
6
6
6
6
6
6
6
6
6
6
6
6
6
6
6
6
6
6
6
6
6
6
6
6
6
6
6
6
6
6
6
6
6
6
6
6
6
6
6
6
6
6
6
0
6
6
6
6
6
6
6
6
6
6
6
6
6
6
6
6
6
6
6
6
6
6
6
6
6
0
6
6
6
6
6
6
6
6
6
6
6
6
6
6
6
6
6
6
6
6
6
6
6
6
6
6
6
6
6
6
6
6
6
6
6
6
6
6
6
6
6
0
3
6
6
6
6
6
6
6
3
6
6
6
6
6
6
0
0
6
6
6
6
6
6
6
6
6
6
6
6
6
6
6
6
6
6
6
6
6
6
6
6
6
6
6
6
6
6
6
6
6
6
6
6
6
6
6
6
6
6
3
6
6
6
0
6
6
6
6
6
6
6
6
6
6
6
6
6
6
6
6
6
6
6
3
6
6
6
6
6
6
6
6
6
6
6
6
6
6
6
3
3
3
0
3
3
3
3
3
3
3
3
3
3
3
3
3
3
3
3
3
3
3
3
3
3
3
3
3
3
3
3
3
3
3
3
0
3
3
3
3
3
3
3
3
3
3
3
3
3
3
3
3
3
3
3
3
3
3
3
3
3
3
3
0
3
3
3
3
3
3
3
3
3
3
3
3
3
3
3
3
3
3
3
3
3
3
3
3
3
3
3
3
3
3
3
3
3
3
3
3
3
3
3
3
0
0
3
3
3
3
3
3
3
3
3
3
3
3
3
3
3
3
3
3
3
3
0
3
3
3
3
3
3
3
3
0
3
3
3
3
3
3
3
3
3
3
3
3
3
3
3
3
3
3
3
3
3
3
3
3
3
3
3
3
3
3
3
0
3
3
3
3
3
3
3
3
3
3
0
3
3
3
3
3
3
3
3
3
3
3
3
3
3
3
3
3
3
3
3
3
3
3
3
3
3
3
3
3
3
3
3
3
3
3
3
3
3
3
3
3
3
3
3
3
3
3
3
3
3
3
3
3
3
3
3
3
3
3
3
3
3
3
3
3
3
3
3
3
3
3
3
3
3
3
3
0
3
3
3
3
3
3
3
3
3
3
3
3
3
3
3
3
3
3
3
3
0
3
3
3
3
3
3
3
3
3
3
3
3
3
0
0
3
3
3
3
3
3
3
3
0
3
3
3
3
3
3
3
3
3
3
3
3
3
3
3
3
3
3
3
3
3
3
3
3
3
3
3
3
3
3
3
3
3
3
3
3
3
3
3
3
3
3
3
3
3
3
3
3
3
3
3
3
3
3
3
3
3
3
3
3
3
3
3
3
3
3
3
3
3
3
3
3
3
3
3
3
3
3
3
3
3
3
3
3
3
3
3
3
3
3
3
3
3
3
3
3
3
3
3
3
3
3
3
0
3
3
3
3
3
3
3
3
3
3
3
3
3
3
3
3
3
3
3
3
3
3
3
3
3
3
3
3
3
3
3
0
3
3
3
0
3
0
3
3
3
3
3
3
3
3
3
3
3
3
3
3
3
3
3
3
3
3
3
3
3
3
3
3
3
3
3
3
3
3
3
3
3
3
3
3
3
3
3
3
3
0
0
3
3
3
3
3
3
3
3
3
3
3
3
3
3
3
3
3
3
3
3
3
3
3
3
3
3
3
3
0
3
3
3
3
3
3
3
3
3
3
3
3
3
3
3
3
3
3
3
0
3
3
3
3
3
0
3
0
3
3
0
3
3
0
3
3
3
3
3
3
3
3
3
3
3
3
3
3
3
3
3
3
3
3
0
3
3
3
3
3
3
3
0
3
3
3
3
3
3
3
3
3
3
3
3
3
3
3
3
3
3
3
3
3
3
3
3
3
3
3
3
3
3
3
3
3
3
3
3
3
3
3
3
3
3
3
3
3
3
3
3
3
3
3
3
3
3
3
3
3
3
3
3
3
3
3
3
3
3
3
3
3
3
3
3
3
3
3
3
3
3
3
0
3
3
3
3
3
3
3
3
3
3
3
3
3
3
3
3
3
3
3
3
3
3
3
3
0
3
3
3
3
3
3
3
3
3
3
0
3
3
3
0
3
3
3
3
3
3
3
3
3
3
3
3
3
3
3
3
3
3
3
3
3
3
0
0
3
3
3
3
3
3
3
3
3
3
3
3
3
3
0
3
3
3
3
3
3
3
3
3
3
3
3
3
3
3
3
3
3
3
3
0
3
3
3
3
3
3
3
3
3
3
3
3
3
3
3
3
3
3
3
3
3
3
3
3
3
3
3
0
3
0
3
3
3
3
3
3
3
3
3
3
3
3
3
3
3
3
3
3
3
3
3
3
3
3
3
3
3
3
3
3
3
3
3
3
3
3
3
3
3
3
3
3
3
3
3
3
3
3
3
3
3
3
3
3
3
3
3
3
3
3
3
3
3
3
3
0
3
3
3
3
3
3
3
3
3
3
3
3
3
3
3
3
3
3
3
3
0
3
3
3
3
3
3
3
0
3
3
3
0
3
3
3
3
3
3
3
3
3
3
3
3
3
3
3
3
3
3
3
3
3
3
3
3
3
3
3
3
3
3
3
3
3
3
3
0
3
3
3
3
3
3
3
3
3
0
3
3
3
3
3
3
3
3
3
3
3
3
0
3
3
3
3
3
3
3
3
0
3
3
3
3
3
3
3
3
3
3
3
3
3
3
3
3
3
3
3
3
3
3
0
3
0
3
3
3
3
3
3
3
3
0
3
3
3
3
3
3
3
3
3
3
3
3
3
3
3
3
3
3
3
3
3
0
3
3
0
3
3
3
3
3
3
3
3
3
3
3
3
3
3
3
3
3
3
3
3
3
0
3
3
3
3
3
3
3
3
3
3
3
3
3
3
3
3
3
3
3
3
3
3
3
3
3
3
3
3
3
0
3
3
3
3
3
3
3
3
3
3
3
3
3
3
3
3
3
3
3
3
3
3
3
3
3
3
3
3
3
3
3
3
3
3
3
3
3
3
3
3
0
3
3
3
3
3
3
3
3
3
3
3
3
3
3
3
3
3
3
3
0
3
3
3
3
3
3
3
3
3
3
3
0
3
3
3
12672
9849
8145
6399
5445
3966
2415
2130
2154
2034
2079
1875
1785
1746
1719
1701
1602
1482
1467
1461
1440
1431
1419
1365
1335
1362
1296
1245
1200
1194
1185
1029
1050
1032
1026
1035
1002
1002
951
894
927
921
936
858
891
864
873
786
834
837
825
807
762
756
744
765
765
780
744
708
681
669
663
645
657
627
633
633
627
606
588
579
597
564
588
582
555
576
546
549
549
525
531
522
510
537
501
525
486
489
513
507
486
417
474
378
477
471
462
441
438
435
444
429
438
441
438
423
438
426
441
417
426
405
420
372
414
405
375
396
399
372
345
372
384
360
378
372
366
330
357
363
357
354
357
348
339
348
336
333
339
324
342
336
300
315
315
336
327
333
327
297
321
318
333
324
324
297
306
216
294
315
312
303
306
288
306
300
303
285
294
282
264
276
273
252
243
252
255
249
219
252
237
246
234
240
240
237
228
210
219
213
231
216
222
216
222
216
216
216
207
213
204
189
207
204
204
195
204
201
195
168
201
201
189
198
186
174
195
177
186
174
186
180
171
177
180
165
165
177
159
174
168
171
162
168
165
165
162
165
165
165
165
159
165
162
153
132
147
159
144
159
147
144
138
153
150
150
126
138
147
147
147
132
144
147
138
114
147
147
132
141
141
141
138
138
135
138
138
132
129
102
135
135
126
123
123
135
90
126
135
135
132
135
132
123
129
132
123
132
114
120
123
120
129
126
129
123
123
126
126
126
126
126
123
108
114
120
120
120
117
108
111
120
114
117
120
105
120
102
108
111
117
117
114
102
111
111
114
111
111
111
114
111
111
105
111
111
111
102
111
108
108
108
105
12
105
102
105
102
105
102
102
105
105
105
93
90
102
90
90
81
99
99
99
93
99
84
78
96
96
87
96
78
96
93
90
87
90
93
87
87
93
75
93
90
90
60
90
87
90
90
87
87
84
84
87
87
87
72
81
81
84
81
78
84
81
60
69
84
81
81
78
81
81
78
81
81
81
78
81
81
69
81
81
78
69
75
60
78
78
78
72
78
72
78
75
75
72
75
75
66
75
75
75
72
72
72
66
72
72
72
72
72
66
72
69
72
69
72
63
66
69
69
69
66
60
66
69
48
69
66
69
66
66
63
60
66
60
66
63
63
60
66
63
63
66
63
24
60
66
63
66
63
60
63
63
57
60
63
63
60
63
63
63
63
57
57
51
60
60
60
60
60
60
60
60
54
60
57
60
57
57
60
57
57
57
51
57
0
57
54
57
54
54
57
57
42
57
57
51
42
54
54
54
51
54
51
54
54
48
51
54
54
45
48
54
45
48
48
51
51
51
48
45
51
45
48
48
45
51
51
51
48
51
51
45
30
51
48
51
48
48
45
48
45
48
48
39
48
48
48
48
48
48
48
39
48
48
36
48
48
48
45
42
48
48
48
45
45
45
39
45
45
42
45
45
45
45
45
45
45
45
45
45
45
45
45
0
45
45
45
45
45
45
45
45
45
45
45
45
45
45
42
42
42
42
0
42
36
36
42
42
42
42
42
42
42
39
42
21
39
39
39
42
42
42
42
30
39
42
39
42
42
42
42
42
39
42
36
39
39
39
39
36
33
39
33
39
39
33
39
39
27
39
39
39
39
39
39
39
36
39
33
36
36
33
36
15
36
36
36
36
36
30
33
36
15
36
33
36
36
36
27
36
36
33
33
30
33
33
33
30
33
33
30
33
30
33
30
33
30
30
30
12
33
33
33
33
33
33
33
30
33
30
33
33
33
33
0
33
33
30
33
33
33
27
30
30
30
30
30
30
30
30
30
30
30
24
30
30
27
30
24
30
30
27
30
30
3
27
30
30
30
30
30
30
27
30
30
12
30
30
30
30
30
30
27
30
30
21
27
27
24
27
27
27
27
27
27
27
12
27
27
27
27
27
21
24
27
27
27
24
27
27
24
27
24
27
27
27
27
27
27
27
27
27
27
27
27
27
27
27
27
27
27
27
24
27
27
27
27
27
27
27
24
21
24
24
24
21
24
24
24
24
24
24
24
24
24
24
24
21
24
24
24
21
21
24
24
24
21
24
18
24
24
24
21
24
21
24
21
24
24
15
24
24
24
24
24
24
24
21
24
24
24
24
24
24
24
21
24
21
21
21
21
21
21
6
18
21
21
21
21
21
0
21
18
21
21
21
21
18
21
21
21
21
21
21
21
21
21
21
18
21
21
18
21
21
21
21
21
18
21
18
21
21
21
21
21
21
21
21
21
21
21
21
21
18
21
21
18
21
21
21
21
21
21
21
21
21
21
21
21
21
18
21
18
18
18
18
18
15
18
18
18
18
15
18
18
18
18
18
18
18
18
18
15
18
18
18
18
15
18
18
18
18
18
18
18
18
18
18
18
18
18
18
18
18
18
18
18
18
18
12
12
18
15
18
18
18
18
15
18
18
18
18
18
15
15
15
15
15
15
15
15
15
15
15
15
15
15
15
15
15
12
15
15
15
15
15
15
15
15
15
15
15
15
15
15
15
15
15
15
15
15
12
15
15
12
12
15
15
15
15
15
9
9
15
15
15
15
15
15
15
0
15
15
15
15
15
15
15
9
15
15
12
15
15
15
15
15
15
12
15
15
15
15
15
15
0
15
15
6
15
15
15
15
12
15
15
15
15
15
12
15
9
15
12
15
15
15
15
12
15
15
15
15
15
15
15
15
15
15
15
15
0
15
12
12
9
12
12
12
12
12
12
12
6
12
12
12
12
12
12
12
9
12
12
12
12
12
12
12
12
12
12
12
12
12
12
9
12
12
12
12
12
12
12
12
12
12
12
12
6
12
12
12
12
12
12
9
12
12
12
12
12
12
12
12
12
12
12
12
12
12
12
12
12
12
0
12
12
12
12
12
9
9
12
12
12
12
9
12
12
12
12
12
12
12
12
12
12
12
12
12
12
12
12
9
0
12
12
12
12
12
12
12
12
12
12
12
12
6
12
12
12
12
12
12
12
12
12
12
0
12
12
12
12
9
9
9
3
9
9
9
9
9
9
9
9
9
6
9
9
0
9
9
9
6
9
6
9
6
9
9
6
9
9
9
9
9
9
9
9
9
9
9
9
9
9
9
9
9
9
9
9
9
9
9
9
9
9
6
9
9
9
9
9
9
9
9
9
9
9
9
9
9
6
9
9
9
9
9
9
9
9
9
9
9
9
9
9
9
9
9
9
9
9
9
9
9
9
9
9
9
9
9
9
9
9
9
9
9
6
9
9
9
9
9
6
6
9
9
9
9
9
9
9
9
9
6
6
9
3
9
9
9
9
9
9
9
9
9
9
9
9
9
9
9
9
9
9
9
9
0
9
9
9
9
9
9
9
6
9
9
9
9
9
9
9
9
9
9
9
9
3
9
9
9
9
9
9
9
9
9
9
9
9
9
9
9
9
9
9
9
9
9
9
9
9
9
9
9
9
6
9
9
6
9
9
9
6
9
6
9
9
9
9
6
9
9
9
9
0
9
3
9
9
9
9
9
9
9
6
6
3
6
6
6
6
6
6
0
6
6
6
6
6
6
6
6
6
6
6
6
6
6
6
6
6
6
6
6
6
6
6
6
6
6
6
6
6
6
3
6
6
6
6
6
6
3
6
6
6
6
6
6
6
6
6
6
6
6
6
6
6
6
6
6
6
6
6
6
6
0
0
6
6
6
6
6
6
6
6
6
6
6
6
6
6
6
6
3
6
6
6
6
6
6
6
3
6
6
6
3
6
6
6
6
6
6
6
6
6
6
6
6
6
6
6
6
6
6
6
6
0
6
6
6
6
6
6
3
6
6
6
6
6
6
6
6
6
6
6
6
6
6
6
6
6
6
3
6
6
6
6
6
6
6
3
6
6
6
6
6
6
6
6
6
6
6
6
6
6
6
6
6
6
6
6
6
6
6
6
6
6
6
6
6
6
6
6
6
6
6
6
6
6
6
6
6
6
6
6
0
6
6
6
6
6
6
6
6
6
6
6
6
6
6
6
6
6
6
6
6
6
6
6
6
6
6
6
0
6
3
6
6
6
6
6
6
6
6
6
6
6
6
6
6
6
6
6
6
6
6
6
0
6
6
3
6
6
6
6
6
6
6
3
6
6
6
6
6
6
6
6
6
6
6
6
6
6
6
6
6
3
6
6
6
6
6
6
0
3
6
6
6
6
6
6
6
6
6
6
6
6
6
6
6
6
6
6
6
6
6
6
6
6
6
6
6
6
6
3
6
6
6
6
6
6
6
6
6
6
6
6
6
6
6
6
6
6
6
6
6
6
6
6
6
6
6
6
6
6
6
6
6
6
6
6
6
6
6
6
6
0
6
6
6
6
6
6
6
6
6
6
6
6
6
6
6
6
6
6
6
6
6
6
6
3
6
6
6
3
6
6
3
6
6
6
6
6
3
3
3
0
3
3
3
3
3
3
3
3
3
3
3
3
3
3
0
3
3
3
0
3
3
3
3
3
3
3
3
3
0
3
3
3
3
3
3
3
3
3
3
3
3
3
3
3
3
3
3
3
3
3
0
3
3
3
3
3
3
3
0
3
3
3
3
3
3
3
3
0
3
3
3
3
3
3
3
0
3
3
3
3
0
3
3
3
3
3
3
3
3
3
3
3
3
3
3
3
3
3
3
3
3
3
3
3
3
3
3
3
0
3
3
3
3
3
3
3
3
3
3
3
3
3
3
3
0
3
3
3
3
3
0
3
3
3
3
3
3
3
3
3
3
3
3
3
3
3
3
3
3
3
3
3
3
3
3
3
3
3
3
3
3
3
0
3
3
3
3
3
3
3
3
3
3
3
3
3
3
3
3
3
3
3
3
3
3
3
3
3
3
3
3
3
3
3
3
0
3
3
3
3
3
3
3
3
3
3
3
3
3
3
3
3
3
3
3
0
3
3
3
3
3
3
3
3
3
3
3
3
3
3
3
3
3
3
3
3
3
3
3
3
3
3
3
3
3
3
3
3
3
3
3
3
3
3
3
3
3
3
3
3
3
3
3
3
3
3
3
3
3
3
3
3
3
3
3
3
3
3
3
3
3
3
3
3
3
3
3
3
3
3
3
3
3
3
3
3
3
3
3
3
3
3
3
3
3
3
3
3
3
3
3
3
0
3
3
3
3
3
3
3
3
0
3
3
3
3
3
3
3
3
3
3
3
3
3
3
3
0
3
3
3
3
3
3
3
3
3
3
0
3
3
3
3
3
3
3
3
3
3
3
3
3
3
3
3
3
3
3
3
3
3
3
3
3
0
0
3
3
0
3
3
3
3
3
0
3
3
3
3
3
3
3
3
0
3
3
3
3
3
0
3
3
3
3
3
3
3
3
3
3
3
3
3
3
3
3
3
3
3
3
3
3
3
3
3
3
3
3
3
3
3
3
3
3
3
3
3
3
3
3
3
3
3
3
3
3
3
3
3
3
0
3
0
3
3
3
3
3
3
3
3
3
3
3
3
3
3
3
3
3
3
3
3
3
3
3
3
3
3
3
3
3
3
3
3
3
3
3
0
0
3
3
3
3
3
3
3
3
3
3
0
3
3
3
3
3
3
3
3
3
3
3
3
0
3
3
3
3
3
3
3
0
3
3
3
3
3
3
3
3
3
3
3
3
3
3
3
3
3
3
3
3
3
3
3
3
3
3
3
3
3
3
3
0
3
3
3
3
3
3
3
3
3
3
3
3
3
3
3
3
3
3
3
3
3
3
3
3
3
3
3
3
3
3
3
3
3
3
3
3
3
3
3
3
3
3
3
3
3
0
3
3
0
3
3
3
3
3
3
3
3
3
3
3
3
3
3
3
3
3
3
3
3
3
3
3
3
3
3
3
3
0
3
3
0
3
3
3
3
3
3
3
3
3
3
0
3
3
3
3
3
3
3
3
3
3
3
3
3
3
3
3
3
3
3
3
0
3
3
3
3
3
3
3
3
3
3
3
3
3
3
3
3
3
0
3
3
3
3
3
3
3
0
3
3
3
3
3
3
3
3
3
3
3
3
3
3
3
3
3
3
3
3
3
3
3
3
3
3
3
3
3
3
3
3
3
3
3
3
3
3
3
3
3
3
3
3
3
3
3
3
3
3
3
3
3
3
3
3
3
3
3
3
3
3
3
3
3
3
3
3
0
3
3
3
3
3
3
3
3
3
3
3
3
3
3
3
3
3
3
3
3
3
3
3
3
3
3
3
3
3
3
3
3
3
3
3
3
3
3
3
3
3
3
3
3
3
3
3
3
3
3
3
3
3
3
3
3
3
3
3
3
3
3
3
3
0
3
3
3
3
3
3
3
3
3
3
3
3
3
3
3
0
3
3
3
3
3
3
3
3
3
3
3
3
3
3
3
3
3
3
3
3
3
0
3
3
3
3
3
3
3
3
3
3
3
3
3
3
3
3
3
3
3
3
3
3
3
3
3
3
3
3
3
3
3
3
3
3
3
3
3
3
3
3
3
3
0
3
3
3
3
3
3
3
3
3
3
0
3
3
3
3
3
3
3
3
3
3
3
3
3
3
3
0
3
3
3
3
3
3
3
3
3
0
3
3
3
3
3
3
3
3
3
3
0
3
3
3
3
3
3
3
3
15708
10365
10164
8484
8301
7239
7224
7101
6660
6597
6525
6111
5754
5493
4584
4467
4407
3669
3552
3354
3432
3318
2997
3012
3006
2844
2538
2427
2367
2247
2109
2091
2145
1950
1893
1836
1644
1647
1503
1554
1497
1509
1464
1479
1362
1251
1308
1266
1134
1179
1167
1146
1134
1122
1110
1071
1083
1089
1068
1023
888
1020
996
975
954
930
936
879
897
909
837
606
813
795
819
783
816
816
813
804
771
774
753
744
708
681
711
663
645
669
630
660
666
657
645
606
594
582
573
615
609
588
600
600
600
585
567
567
588
579
537
534
522
552
546
546
504
504
501
471
477
510
495
471
507
498
471
474
471
486
438
432
480
465
483
459
453
468
453
447
429
429
456
447
444
432
444
423
432
429
429
408
420
423
423
408
417
414
396
375
396
366
387
354
384
378
381
378
372
330
369
357
354
354
333
342
333
351
309
336
312
330
336
318
315
327
312
324
312
282
297
309
303
306
267
300
300
294
279
282
285
282
285
279
282
276
276
255
252
258
270
261
261
255
168
243
243
234
249
237
234
228
234
222
228
228
234
231
222
234
231
234
234
222
219
225
216
219
219
222
222
213
219
219
219
198
210
216
210
195
213
168
210
213
210
204
195
186
204
192
195
174
195
189
192
192
183
138
189
189
189
171
159
168
174
177
180
180
180
180
177
174
180
177
180
180
177
171
168
162
168
165
165
168
165
168
168
165
159
129
159
159
144
159
141
159
159
159
156
156
147
141
96
147
150
150
141
141
144
138
117
120
111
129
144
111
141
117
141
141
141
138
132
129
123
132
129
120
123
54
126
114
126
123
123
102
120
123
120
123
123
120
114
111
120
114
96
117
108
117
117
114
99
114
111
114
111
114
105
114
66
114
111
105
102
108
102
108
108
108
108
108
102
108
96
105
102
105
105
105
105
99
102
102
102
96
99
99
96
93
90
96
90
96
96
96
93
93
87
90
90
93
90
90
90
90
90
87
90
78
90
90
90
87
78
87
87
84
84
81
84
81
78
84
81
81
84
78
81
78
84
81
78
78
81
81
81
81
81
81
72
78
78
78
78
75
75
75
75
72
66
75
66
72
66
72
69
57
66
66
63
69
69
69
69
66
63
69
69
69
60
69
69
69
60
66
66
51
57
66
66
66
66
63
63
66
42
60
63
60
60
63
63
63
63
63
54
57
60
57
60
60
57
54
54
57
57
54
57
57
57
54
54
57
54
57
54
54
57
51
57
54
0
54
54
51
54
54
54
54
51
54
54
51
39
51
51
27
48
51
48
48
39
51
48
51
45
15
39
48
48
45
48
39
48
48
48
48
48
48
48
48
48
48
48
48
21
6
48
48
45
45
21
45
45
45
45
45
39
42
45
45
45
45
42
36
45
45
42
45
45
42
42
42
45
45
42
0
42
42
42
36
42
36
42
42
42
42
42
42
42
42
42
18
39
42
42
42
33
39
36
0
39
39
39
39
39
39
39
39
39
39
39
39
36
36
39
39
39
39
39
39
39
39
39
39
24
39
27
39
33
36
33
36
33
36
36
36
21
27
36
36
36
36
36
36
36
33
33
36
36
33
33
33
36
33
36
36
36
33
33
33
33
33
33
33
33
33
33
21
33
33
33
33
33
30
33
33
33
33
27
0
33
30
24
30
30
30
15
30
30
27
30
30
30
30
30
30
30
30
24
24
30
30
30
12
27
30
24
30
30
24
30
30
30
30
30
30
30
27
24
27
27
27
27
21
27
21
24
27
24
27
27
24
27
27
27
27
24
27
27
27
27
27
27
27
0
27
27
24
27
27
27
24
27
27
24
24
21
24
24
21
18
21
24
24
24
24
24
24
24
24
18
24
21
24
24
24
24
24
15
24
24
24
24
21
0
24
12
24
24
24
24
24
24
24
24
24
24
21
24
24
24
21
24
24
18
24
24
24
24
21
21
21
21
21
21
21
21
21
18
21
21
21
21
15
21
21
9
21
21
21
21
21
21
21
18
21
21
21
21
21
18
21
21
21
18
21
21
21
21
21
21
21
21
18
21
21
15
21
21
21
21
21
21
3
21
21
18
15
21
18
18
3
12
18
15
18
18
18
18
18
18
18
18
18
18
9
18
18
18
18
18
18
15
15
18
18
18
18
18
15
18
18
18
18
18
18
18
18
18
9
18
18
18
18
18
18
18
15
15
18
18
18
15
18
15
18
18
18
18
18
18
18
18
18
18
18
15
15
18
18
18
18
18
18
15
15
15
15
15
15
15
15
15
15
15
15
15
15
15
15
15
15
15
15
15
15
15
15
15
15
15
15
15
15
15
15
15
15
15
15
15
15
15
15
12
15
15
15
9
15
15
12
12
15
15
15
9
15
15
15
15
15
15
15
15
15
15
15
15
15
15
9
15
15
15
15
15
15
15
15
6
15
15
15
15
15
15
15
12
15
15
15
12
12
12
9
12
9
12
12
12
12
0
12
12
12
12
12
12
12
12
12
12
12
12
12
12
9
12
12
12
12
12
12
9
12
12
12
12
12
12
12
12
9
12
9
12
12
12
0
12
12
3
12
12
12
12
12
12
12
12
12
12
12
12
12
12
6
12
9
12
12
12
9
12
12
12
12
6
12
12
0
12
12
12
12
12
12
12
12
12
12
3
12
12
12
12
12
12
12
12
12
12
12
12
12
12
9
12
12
12
12
12
12
12
12
12
12
12
12
0
9
12
12
9
9
9
9
9
9
9
9
9
9
9
9
9
9
0
9
9
9
9
9
9
9
9
9
9
9
9
9
9
6
6
9
9
9
9
9
9
9
9
9
9
9
9
9
9
9
9
9
9
9
9
9
9
9
9
9
9
9
9
9
6
9
9
9
9
6
9
9
9
9
9
9
9
9
9
9
0
9
0
9
9
9
9
9
9
9
9
9
9
9
9
9
9
9
9
9
9
9
9
9
9
9
9
9
9
9
9
3
0
9
9
9
9
9
9
6
9
9
9
9
9
9
9
9
9
9
9
9
9
9
9
9
9
9
6
9
9
9
9
9
9
9
9
9
9
9
9
9
6
9
9
9
9
9
0
0
6
6
6
6
6
6
6
6
6
6
6
6
6
6
6
6
6
6
6
6
6
6
6
3
6
6
6
6
6
6
6
6
6
6
6
6
6
6
6
6
6
6
6
6
6
6
6
6
6
6
0
6
6
6
6
6
6
6
3
6
6
0
6
6
6
6
6
6
6
6
6
6
6
6
6
6
6
3
6
6
6
6
6
6
6
0
6
6
6
6
6
6
6
0
3
6
6
6
6
6
6
6
6
6
6
6
6
6
6
6
6
6
6
0
6
6
6
0
6
6
6
6
3
6
6
6
6
6
6
3
6
6
6
6
6
6
6
6
6
6
6
3
6
6
6
6
3
6
6
6
6
6
6
3
6
6
6
6
6
6
6
6
3
6
6
6
6
3
6
6
6
6
3
6
0
6
6
6
6
6
6
3
6
6
6
6
6
6
6
6
6
6
3
6
6
6
6
6
0
6
6
6
6
3
6
6
6
6
6
6
6
6
6
6
3
6
6
6
6
6
6
6
6
6
6
6
6
6
0
3
6
6
6
6
6
6
6
6
6
6
6
6
6
6
6
3
3
6
3
6
6
6
6
6
6
6
3
6
6
6
6
6
6
6
3
6
3
6
6
6
6
6
6
6
6
6
6
6
6
6
6
6
6
0
6
6
6
0
6
3
3
3
3
3
3
3
3
3
3
3
3
3
3
3
3
3
3
3
3
3
3
3
3
3
3
3
0
3
3
3
3
3
3
3
3
3
3
3
3
3
3
3
3
3
3
3
3
3
3
3
3
3
3
3
0
0
3
3
3
3
3
3
3
3
0
3
3
0
3
3
3
3
3
3
3
3
3
3
0
3
3
3
3
3
3
3
3
3
3
3
3
3
3
3
3
3
0
3
3
3
3
3
3
3
3
3
3
3
3
3
3
3
3
3
3
3
3
3
3
3
3
3
3
3
3
3
3
3
3
3
3
3
3
3
3
3
3
3
3
3
3
3
3
3
3
0
3
0
3
3
3
0
3
3
3
0
3
3
3
3
3
3
3
3
3
3
3
3
3
3
3
3
3
3
3
3
3
3
3
3
3
3
3
3
3
3
3
3
3
3
3
3
3
3
3
3
3
3
3
3
0
3
3
3
3
3
3
3
3
3
3
0
3
3
3
3
3
3
3
3
3
3
3
3
3
3
3
3
3
3
3
3
3
3
3
3
3
3
3
3
3
3
3
3
3
3
3
0
3
3
3
3
3
3
0
3
3
3
3
3
3
0
3
3
3
3
3
3
3
3
3
3
3
3
0
3
3
3
3
3
3
3
3
0
3
0
3
3
3
3
3
3
3
3
3
0
3
3
3
3
3
3
3
3
3
3
3
3
3
3
3
0
3
3
3
3
3
3
3
3
3
3
3
3
3
3
3
3
0
3
3
3
3
3
3
3
3
3
3
3
3
3
3
3
3
3
3
3
3
3
3
3
3
3
3
3
3
3
3
3
3
3
3
3
3
3
3
3
3
3
3
3
3
3
3
3
3
3
3
3
0
3
3
3
3
3
3
3
3
3
3
3
3
3
3
3
3
3
3
3
3
3
3
3
3
3
3
3
3
3
3
3
3
3
3
3
3
3
3
3
3
3
0
3
3
3
3
3
3
3
0
0
3
3
3
3
3
3
3
3
3
3
0
3
3
3
3
3
3
3
3
3
3
3
3
3
3
3
3
3
3
3
3
3
3
3
3
3
3
3
3
3
3
3
3
3
3
3
3
3
3
3
0
3
3
3
3
3
3
3
3
3
3
3
3
3
3
3
3
3
3
3
3
3
3
3
3
0
3
3
3
3
3
3
3
3
3
3
3
3
3
3
3
3
3
0
3
3
0
3
3
3
3
3
3
3
3
3
3
3
3
3
3
3
3
3
3
3
3
3
3
3
3
3
3
3
3
3
3
3
3
3
3
3
3
3
3
3
0
3
3
3
3
3
3
3
3
3
3
3
3
3
3
3
3
3
3
3
3
3
3
3
3
3
3
3
3
0
3
3
3
3
3
3
3
3
3
3
3
3
3
3
3
3
3
3
3
3
3
3
3
3
3
3
3
3
3
3
3
3
3
3
3
3
3
3
3
3
3
3
3
3
3
3
3
3
3
3
3
3
3
3
3
3
3
3
3
3
3
3
3
3
3
3
3
3
3
3
3
3
3
3
3
3
3
3
3
3
3
3
3
3
3
3
3
3
3
3
3
3
3
3
69894
32472
24651
19680
18546
17802
17511
17256
14781
13296
11193
10749
10464
9930
9837
9519
8718
8484
7746
7236
7083
7164
7005
6933
6693
5886
5700
5454
5313
5163
4806
4686
4437
4335
4311
4113
3483
3249
3216
3171
2928
2925
2820
2817
2730
2667
2730
2439
2589
2544
2316
2439
2406
2277
2361
2256
2298
2190
2034
2154
2148
2067
2121
1935
1995
1797
1803
1752
1560
1578
1563
1545
1518
1437
1494
1392
1404
1365
1347
1245
1224
1236
1176
1074
1065
1059
1050
1050
1023
960
948
1002
966
930
969
945
948
939
930
891
897
921
795
915
909
894
855
810
876
816
807
813
849
819
807
819
780
795
771
765
744
747
717
765
735
738
705
720
717
687
687
711
678
687
666
648
627
561
639
618
615
594
603
609
567
594
555
552
549
543
558
516
519
528
516
504
495
426
495
489
477
480
432
459
459
414
420
426
396
417
393
420
372
342
351
393
378
339
375
363
333
357
327
327
333
267
318
300
297
324
303
303
318
288
303
306
309
300
303
303
291
273
273
258
276
276
261
252
258
264
237
243
216
228
231
219
234
228
228
213
225
225
228
228
222
216
213
216
207
201
210
207
192
207
207
204
201
192
183
195
189
189
192
189
189
186
186
165
183
180
174
174
177
162
174
171
171
171
171
165
150
156
156
159
159
159
156
147
153
153
153
153
147
147
123
129
144
141
108
126
126
129
135
123
129
132
129
129
120
123
126
21
123
123
114
120
120
120
111
117
111
117
117
111
105
111
111
75
111
105
108
108
102
105
102
108
102
102
102
99
102
96
99
96
84
96
96
93
96
93
90
78
87
87
87
87
87
87
87
87
87
81
84
84
84
81
81
81
81
81
81
69
75
78
78
78
72
81
75
63
78
69
75
78
72
69
72
78
72
75
75
75
75
66
72
75
0
75
66
60
72
69
60
66
69
69
69
69
69
69
63
66
69
69
54
60
66
66
66
51
66
66
66
63
66
60
66
66
66
63
63
63
63
57
63
63
60
60
60
60
60
60
51
57
60
57
57
57
54
57
42
57
57
54
57
45
54
57
57
45
54
51
54
54
54
54
54
54
54
54
54
54
42
51
42
51
54
51
51
48
51
51
45
51
51
51
48
51
51
51
48
48
39
48
48
48
39
42
42
48
48
48
48
45
39
39
45
45
45
45
45
45
45
45
42
42
42
42
42
33
39
42
42
42
42
39
39
36
39
39
33
36
39
36
39
39
39
39
39
27
39
36
33
36
36
33
36
36
33
36
36
30
36
36
36
36
33
27
30
36
36
36
36
36
33
30
33
33
33
30
33
33
33
33
30
24
33
33
30
21
33
33
33
30
33
33
30
33
33
27
30
30
30
30
27
30
30
30
30
30
27
30
24
30
30
30
30
30
30
30
30
30
30
30
30
30
30
30
30
30
30
0
27
24
27
27
24
27
27
27
27
24
27
27
27
27
27
27
27
12
24
27
27
27
27
24
27
27
27
27
6
27
27
9
24
21
24
24
21
24
24
24
21
24
24
24
24
24
24
24
24
24
24
24
24
21
24
18
24
24
21
21
24
24
21
18
21
21
21
21
21
21
21
21
21
18
21
21
21
21
21
21
21
21
21
21
21
21
18
12
21
18
18
18
18
18
18
18
18
18
18
18
18
18
18
18
18
18
6
18
18
18
18
18
18
18
18
18
15
18
18
12
18
18
18
18
15
18
18
15
18
15
15
15
15
15
15
15
15
15
15
15
15
15
15
15
15
15
15
15
15
15
15
9
15
12
15
12
12
15
15
15
15
15
15
15
15
15
15
15
15
15
9
12
15
15
15
15
15
15
15
15
15
15
15
15
12
15
15
15
12
12
12
12
12
12
12
12
12
12
12
12
12
12
12
12
12
12
12
12
12
12
12
12
12
12
6
12
12
9
12
12
12
12
12
12
12
12
12
12
12
12
9
12
12
12
12
12
12
12
12
12
9
12
12
12
12
12
9
12
12
12
12
12
12
12
12
12
12
12
12
12
12
12
12
12
12
12
6
3
6
12
9
9
9
9
9
9
3
9
9
9
9
9
9
9
9
9
9
9
9
9
9
9
9
9
9
9
9
0
9
9
9
9
9
9
9
9
9
9
9
6
9
9
9
9
9
9
9
9
6
6
9
9
9
9
9
9
9
9
9
9
9
9
9
9
9
6
6
9
6
9
9
9
9
9
9
9
6
6
0
6
6
0
6
6
6
6
6
6
6
6
6
6
6
6
6
6
6
6
6
6
6
6
6
6
6
6
6
6
6
6
6
6
6
6
6
6
0
6
6
6
6
6
3
6
6
6
6
3
6
6
6
6
6
6
6
6
6
0
6
6
6
6
6
6
6
6
6
6
6
6
6
6
6
6
0
6
0
3
6
6
6
6
6
6
6
6
6
6
6
6
6
6
6
6
0
6
6
6
6
6
6
6
6
6
6
6
6
6
6
6
6
6
6
6
6
6
6
6
6
3
6
6
6
6
6
6
6
6
3
6
6
6
6
6
6
6
6
6
6
6
6
6
6
6
6
6
6
6
6
6
6
6
6
6
6
6
6
6
6
6
6
6
6
6
6
6
6
6
6
3
3
0
0
0
3
3
3
3
3
3
3
3
3
3
3
3
3
3
3
3
3
3
3
3
3
3
3
3
3
3
3
3
3
3
3
3
3
3
3
3
3
3
3
3
3
3
3
3
3
3
3
3
3
3
3
3
3
3
3
3
3
3
3
3
3
3
3
3
3
3
0
3
0
3
3
3
3
0
3
3
3
3
3
3
3
3
3
3
3
3
3
3
3
3
3
3
3
3
3
3
0
3
3
0
3
3
3
3
3
3
3
3
3
3
3
3
3
3
0
3
3
3
3
3
3
3
3
3
3
3
3
3
3
3
3
3
3
3
3
3
3
3
0
3
3
3
3
3
3
3
3
3
3
3
3
3
3
3
3
3
3
3
3
3
3
3
3
3
3
3
3
3
3
3
3
3
3
3
3
3
3
3
3
3
3
0
3
3
3
3
3
3
3
3
3
3
3
0
3
3
3
3
3
3
3
3
3
0
3
3
3
3
3
3
3
3
3
3
3
3
3
3
3
3
3
3
3
3
3
3
3
3
3
3
0
3
3
3
3
3
3
3
3
3
0
3
3
3
3
3
3
3
3
3
3
3
3
3
3
3
3
3
3
3
3
3
3
0
3
3
3
3
3
3
3
3
3
3
3
3
3
3
3
3
3
3
3
0
3
3
3
3
0
3
3
3
3
3
3
3
3
3
3
3
3
3
3
3
3
3
3
3
3
3
3
3
3
3
3
3
3
3
3
3
3
3
0
3
3
3
3
3
3
3
3
3
3
3
3
3
3
3
3
3
3
3
3
3
3
3
3
3
3
3
3
3
3
3
3
0
3
3
3
3
3
3
3
3
3
3
3
3
3
3
3
3
3
3
3
3
3
3
3
3
3
3
3
3
3
3
3
3
3
3
3
3
3
3
3
3
3
3
0
3
3
3
3
3
3
0
3
3
3
3
3
3
0
3
3
3
0
3
3
3
0
3
3
3
3
3
3
3
0
3
3
3
3
0
3
3
3
3
3
3
3
3
3
3
3
3
137355
113745
62754
29466
22290
19989
19515
13782
12795
13044
12606
12318
10386
7746
7758
7251
6840
6459
5634
5292
4980
5004
4977
4647
4416
4188
3606
3363
3201
3063
2880
2145
2181
1956
1806
1794
1713
1704
1752
1581
1575
1593
1479
1386
1353
1371
1338
1194
1104
1050
1002
993
954
978
786
765
684
687
627
606
603
585
567
546
498
495
477
426
390
369
363
342
351
342
333
327
279
300
312
309
285
261
261
243
222
228
201
204
189
189
186
156
168
147
165
156
153
150
153
150
144
138
141
135
132
132
135
132
132
126
126
123
123
120
117
105
111
111
105
108
96
102
102
99
93
30
87
81
84
81
84
84
78
72
75
75
75
75
72
66
69
66
66
63
63
63
57
57
60
60
60
60
54
57
0
54
57
54
54
33
51
54
54
54
54
54
54
51
51
48
51
48
48
48
48
12
48
45
45
42
45
42
42
42
42
39
36
33
39
39
39
39
36
36
21
36
33
33
36
36
36
33
27
33
33
30
33
33
30
30
30
27
27
24
27
27
27
27
15
27
27
27
27
27
24
24
24
21
24
24
21
24
24
24
24
12
21
21
21
21
21
21
21
21
18
18
18
18
18
12
18
18
18
18
18
18
18
18
18
15
18
18
18
18
18
18
12
18
15
18
15
15
15
15
15
15
15
6
6
15
15
15
15
15
15
15
15
15
15
15
12
12
12
12
12
12
12
6
12
12
12
12
12
12
12
12
12
12
12
12
12
12
12
12
12
12
9
9
9
9
9
9
9
9
9
9
9
9
9
9
9
9
6
9
9
9
9
9
6
9
9
9
9
6
9
9
9
9
6
9
9
6
6
6
6
6
6
6
6
6
3
6
6
6
6
6
6
6
6
6
0
6
6
6
6
6
0
6
6
6
6
6
6
6
6
6
0
6
6
6
6
6
6
6
6
6
6
3
6
6
6
6
6
6
6
6
6
6
6
6
6
6
6
6
6
6
6
0
6
6
6
6
6
6
6
6
6
6
6
6
6
3
3
3
3
3
3
3
3
3
3
3
3
3
3
3
0
3
3
3
3
3
3
3
3
3
3
3
3
3
3
3
3
3
3
3
3
3
3
3
3
3
3
3
3
0
3
3
3
3
3
3
3
3
3
3
3
3
3
3
3
3
3
3
3
3
3
0
3
3
3
3
3
3
3
3
3
3
3
3
3
3
3
3
3
3
3
3
3
3
3
3
3
3
3
3
3
3
3
3
3
3
3
3
3
0
3
3
0
3
3
0
3
3
0
3
3
3
3
3
0
0
3
3
3
0
3
3
3
3
3
3
3
3
3
3
3
0
3
3
3
3
3
3
3
3
3
3
3
3
3
3
3
3
3
3
3
3
3
3
3
3
3
3
3
3
3
3
3
3
3
3
3
3
3
3
3
3
3
3
3
3
3
3
3
3
3
3
3
3
3
3
3
3
3
3
3
3
100002
81291
49437
46740
46335
44616
33300
29715
21909
18666
18213
16845
15483
14553
14160
13239
8691
7689
6321
5802
5832
5301
4953
3009
2358
1251
1200
726
390
168
147
156
120
90
69
57
36
33
27
27
27
27
24
24
24
18
24
24
21
18
18
18
15
12
15
15
15
6
12
12
12
9
9
9
9
9
6
9
9
9
9
9
9
6
6
6
6
6
0
6
6
0
6
6
6
3
0
6
6
6
6
3
3
3
3
3
3
3
3
3
3
3
3
3
3
3
3
3
3
3
3
3
3
3
3
3
3
3
3
3
3
3
3
3
3
3
3
3
0
3
3
3
3
3
3
3
3
3
3
3
3
3
3
116091
