12
18
966
0
3
12
27
96
0
0
0
63
0
0
0
15
1488
0
6
9
384
111
27
93
12
0
4608
576
6
0
15
0
198
3
72
0
3
180
285
0
300
237
0
2397
18
84
150
0
108
99
0
39
78
15
3
18
18
21
0
0
3
0
18
0
342
0
21
0
108
324
0
168
0
0
21
960
30
12
24
33
0
0
0
15
255
255
33
123
36
0
48
0
0
0
27
6
18
123
96
0
0
15
3
6
3
3
18
57
15
3
0
69
9
147
0
3
153
0
195
9
6
96
12
0
0
0
0
42
24
3
3
123
84
0
144
0
24
3
54
0
30
0
0
18
3
0
48
0
360
0
42
3
0
288
0
0
39
6
54
0
15
39
54
87
0
0
276
51
0
3
27
0
0
0
0
0
21
18
0
3
0
186
3
24
72
171
12
0
0
111
0
0
0
0
6
75
0
0
6
0
0
0
0
3
6
0
0
0
0
0
15
0
9
0
24
3
102
0
60
0
0
0
33
12
0
0
3
6
63
0
15
3
12
0
3
12
0
234
0
0
0
51
6
27
690
150
174
0
3
0
0
0
6
3
0
6
0
6
9
21
9
0
0
0
0
0
9
0
21
12
108
255
0
3
0
0
480
0
0
0
606
0
0
0
0
6
0
0
0
6
0
0
3
0
0
0
99
138
9
138
