all_cer     : 0.04144513912088961
rareword_cer: 0.062004662004662
common_cer  : 0.03951818559982637
