all_cer     : 0.03903975564358326
rareword_cer: 0.06755852842809365
common_cer  : 0.029304360402053656
