all_cer     : 0.04411778742900778
rareword_cer: 0.07007195702847877
common_cer  : 0.037424067110211165
